329.501	0.0398107	331.391	-1
330.219	0.0398107	331.391	-1
302.191	0.0398107	331.391	-1
314.041	0.0398107	331.391	-1
314.25	0.0398107	331.391	-1
333.492	0.0398107	331.391	1
334.367	0.0398107	331.391	1
344.387	0.0398107	331.391	1
334.884	0.0398107	331.391	1
338.53	0.0398107	331.391	1
309.737	0.0398107	331.391	-1
331.356	0.0398107	331.391	-1
319.459	0.0398107	331.391	-1
323.275	0.0398107	331.391	-1
327.571	0.0398107	331.391	-1
355.577	0.0398107	331.391	1
349.525	0.0398107	331.391	1
307.858	0.0398107	331.391	-1
311.816	0.0398107	331.391	-1
327.284	0.0398107	331.391	-1
319.103	0.0398107	331.391	-1
306.899	0.0398107	331.391	-1
338.678	0.0398107	331.391	1
330.175	0.0398107	331.391	-1
325.644	0.0398107	331.391	-1
322.043	0.0398107	331.391	-1
304.681	0.0398107	331.391	-1
336.059	0.0398107	331.391	1
324.081	0.0398107	331.391	-1
306.332	0.0398107	331.391	-1
320.137	0.0398107	331.391	-1
331.688	0.0398107	331.391	1
345.688	0.0398107	331.391	1
334.272	0.0398107	331.391	1
315.247	0.0398107	331.391	-1
336.445	0.0398107	331.391	1
296.446	0.0398107	331.391	-1
315.924	0.0398107	331.391	-1
329.214	0.0398107	331.391	-1
350.056	0.0398107	331.391	1
330.255	0.0398107	331.391	-1
330.914	0.0398107	331.391	-1
330.245	0.0398107	331.391	-1
316.324	0.0398107	331.391	-1
330.564	0.0398107	331.391	-1
303.191	0.0398107	331.391	-1
325.718	0.0398107	331.391	-1
322.81	0.0398107	331.391	-1
318.647	0.0398107	331.391	-1
313.287	0.0398107	331.391	-1
330.909	0.0398107	331.391	-1
334.215	0.0398107	331.391	1
323.529	0.0398107	331.391	-1
318.749	0.0398107	331.391	-1
332.265	0.0398107	331.391	1
309.022	0.0398107	331.391	-1
323.669	0.0398107	331.391	-1
318.654	0.0398107	331.391	-1
323.603	0.0398107	331.391	-1
332.873	0.0398107	331.391	1
303.377	0.0398107	331.391	-1
328.056	0.0398107	331.391	-1
345.925	0.0398107	331.391	1
322.877	0.0398107	331.391	-1
350.296	0.0398107	331.391	1
329.419	0.0398107	331.391	-1
343.46	0.0398107	331.391	1
303.642	0.0398107	331.391	-1
347.54	0.0398107	331.391	1
295.301	0.0398107	331.391	-1
308.486	0.0398107	331.391	-1
321.612	0.0398107	331.391	-1
328.086	0.0398107	331.391	-1
338.208	0.0398107	331.391	1
337.538	0.0398107	331.391	1
358.206	0.0398107	331.391	1
315.746	0.0398107	331.391	-1
329.118	0.0398107	331.391	-1
345.053	0.0398107	331.391	1
325.722	0.0398107	331.391	-1
315.652	0.0398107	331.391	-1
332.696	0.0398107	331.391	1
325.134	0.0398107	331.391	-1
316.826	0.0398107	331.391	-1
317.793	0.0398107	331.391	-1
344.38	0.0398107	331.391	1
337.546	0.0398107	331.391	1
342.922	0.0398107	331.391	1
332.974	0.0398107	331.391	1
338.328	0.0398107	331.391	1
334.732	0.0398107	331.391	1
335.616	0.0398107	331.391	1
333.147	0.0398107	331.391	1
320.165	0.0398107	331.391	-1
321.278	0.0398107	331.391	-1
278.018	0.0398107	331.391	-1
320.563	0.0398107	331.391	-1
336.108	0.0398107	331.391	1
310.297	0.0398107	331.391	-1
1	1	1	1
313.368	0.0501187	331.391	-1
339.382	0.0501187	331.391	1
322.111	0.0501187	331.391	-1
320.756	0.0501187	331.391	-1
353.912	0.0501187	331.391	1
348.072	0.0501187	331.391	1
310.083	0.0501187	331.391	-1
319.053	0.0501187	331.391	-1
324.102	0.0501187	331.391	-1
334.787	0.0501187	331.391	1
325.33	0.0501187	331.391	-1
317.303	0.0501187	331.391	-1
341.456	0.0501187	331.391	1
322.6	0.0501187	331.391	-1
316.067	0.0501187	331.391	-1
339.891	0.0501187	331.391	1
337.055	0.0501187	331.391	1
350.018	0.0501187	331.391	1
334.228	0.0501187	331.391	1
374.323	0.0501187	331.391	1
323.111	0.0501187	331.391	-1
321.018	0.0501187	331.391	-1
349.8	0.0501187	331.391	1
322.974	0.0501187	331.391	-1
338.829	0.0501187	331.391	1
364.835	0.0501187	331.391	1
314.561	0.0501187	331.391	-1
336.559	0.0501187	331.391	1
319.024	0.0501187	331.391	-1
310.366	0.0501187	331.391	-1
346.237	0.0501187	331.391	1
331.726	0.0501187	331.391	1
327.117	0.0501187	331.391	-1
346.075	0.0501187	331.391	1
339.937	0.0501187	331.391	1
355.225	0.0501187	331.391	1
363.435	0.0501187	331.391	1
348.844	0.0501187	331.391	1
322.567	0.0501187	331.391	-1
331.254	0.0501187	331.391	-1
328.071	0.0501187	331.391	-1
343.827	0.0501187	331.391	1
313.202	0.0501187	331.391	-1
311.815	0.0501187	331.391	-1
336.402	0.0501187	331.391	1
314.135	0.0501187	331.391	-1
316.139	0.0501187	331.391	-1
313.306	0.0501187	331.391	-1
315.382	0.0501187	331.391	-1
318.886	0.0501187	331.391	-1
326.827	0.0501187	331.391	-1
338.06	0.0501187	331.391	1
330.994	0.0501187	331.391	-1
334.702	0.0501187	331.391	1
320.299	0.0501187	331.391	-1
314.599	0.0501187	331.391	-1
327.944	0.0501187	331.391	-1
353.906	0.0501187	331.391	1
310.404	0.0501187	331.391	-1
354.046	0.0501187	331.391	1
328.924	0.0501187	331.391	-1
354.658	0.0501187	331.391	1
321.687	0.0501187	331.391	-1
339.876	0.0501187	331.391	1
359.647	0.0501187	331.391	1
345.95	0.0501187	331.391	1
335.126	0.0501187	331.391	1
343.363	0.0501187	331.391	1
346.365	0.0501187	331.391	1
345.371	0.0501187	331.391	1
323.192	0.0501187	331.391	-1
328.371	0.0501187	331.391	-1
339.54	0.0501187	331.391	1
337.97	0.0501187	331.391	1
320.41	0.0501187	331.391	-1
319.956	0.0501187	331.391	-1
323.07	0.0501187	331.391	-1
340.144	0.0501187	331.391	1
327.414	0.0501187	331.391	-1
329.487	0.0501187	331.391	-1
357.657	0.0501187	331.391	1
302.936	0.0501187	331.391	-1
330.271	0.0501187	331.391	-1
336.419	0.0501187	331.391	1
334.889	0.0501187	331.391	1
312.008	0.0501187	331.391	-1
336.101	0.0501187	331.391	1
314.341	0.0501187	331.391	-1
322.397	0.0501187	331.391	-1
335.223	0.0501187	331.391	1
339.474	0.0501187	331.391	1
332.354	0.0501187	331.391	1
329.194	0.0501187	331.391	-1
324.141	0.0501187	331.391	-1
320.821	0.0501187	331.391	-1
331.113	0.0501187	331.391	-1
340.075	0.0501187	331.391	1
345.955	0.0501187	331.391	1
337.311	0.0501187	331.391	1
1	1	1	1
326.571	0.0630957	331.391	-1
341.833	0.0630957	331.391	1
318.305	0.0630957	331.391	-1
313.288	0.0630957	331.391	-1
296.995	0.0630957	331.391	-1
334.995	0.0630957	331.391	1
318.114	0.0630957	331.391	-1
330.919	0.0630957	331.391	-1
334.78	0.0630957	331.391	1
342.743	0.0630957	331.391	1
328.012	0.0630957	331.391	-1
364.074	0.0630957	331.391	1
351.49	0.0630957	331.391	1
335.816	0.0630957	331.391	1
349.046	0.0630957	331.391	1
335.117	0.0630957	331.391	1
345.139	0.0630957	331.391	1
368.919	0.0630957	331.391	1
312.523	0.0630957	331.391	-1
319.468	0.0630957	331.391	-1
351.382	0.0630957	331.391	1
368.962	0.0630957	331.391	1
352.338	0.0630957	331.391	1
342.149	0.0630957	331.391	1
339.354	0.0630957	331.391	1
338.554	0.0630957	331.391	1
346.018	0.0630957	331.391	1
321.282	0.0630957	331.391	-1
341.882	0.0630957	331.391	1
318.108	0.0630957	331.391	-1
340.049	0.0630957	331.391	1
355.068	0.0630957	331.391	1
348.386	0.0630957	331.391	1
324.161	0.0630957	331.391	-1
359.584	0.0630957	331.391	1
357.588	0.0630957	331.391	1
311.185	0.0630957	331.391	-1
315.284	0.0630957	331.391	-1
331.335	0.0630957	331.391	-1
335.467	0.0630957	331.391	1
333.72	0.0630957	331.391	1
352.712	0.0630957	331.391	1
328.762	0.0630957	331.391	-1
339.255	0.0630957	331.391	1
340.512	0.0630957	331.391	1
305.205	0.0630957	331.391	-1
341.33	0.0630957	331.391	1
334.129	0.0630957	331.391	1
358.032	0.0630957	331.391	1
348.035	0.0630957	331.391	1
343.029	0.0630957	331.391	1
333.403	0.0630957	331.391	1
330.327	0.0630957	331.391	-1
320.496	0.0630957	331.391	-1
317.33	0.0630957	331.391	-1
340.936	0.0630957	331.391	1
327.243	0.0630957	331.391	-1
328.597	0.0630957	331.391	-1
334.067	0.0630957	331.391	1
341.648	0.0630957	331.391	1
319.467	0.0630957	331.391	-1
316.705	0.0630957	331.391	-1
334.106	0.0630957	331.391	1
332.965	0.0630957	331.391	1
333.356	0.0630957	331.391	1
336.123	0.0630957	331.391	1
353.584	0.0630957	331.391	1
346.737	0.0630957	331.391	1
350.132	0.0630957	331.391	1
313.785	0.0630957	331.391	-1
333.053	0.0630957	331.391	1
355.279	0.0630957	331.391	1
357.603	0.0630957	331.391	1
341.836	0.0630957	331.391	1
343.923	0.0630957	331.391	1
338.59	0.0630957	331.391	1
343.733	0.0630957	331.391	1
356.018	0.0630957	331.391	1
338.651	0.0630957	331.391	1
323.653	0.0630957	331.391	-1
339.141	0.0630957	331.391	1
335.612	0.0630957	331.391	1
319.52	0.0630957	331.391	-1
322.842	0.0630957	331.391	-1
358.033	0.0630957	331.391	1
316.625	0.0630957	331.391	-1
343.722	0.0630957	331.391	1
329.235	0.0630957	331.391	-1
318.987	0.0630957	331.391	-1
321.394	0.0630957	331.391	-1
329.411	0.0630957	331.391	-1
319.934	0.0630957	331.391	-1
330.767	0.0630957	331.391	-1
328.733	0.0630957	331.391	-1
328.762	0.0630957	331.391	-1
336.653	0.0630957	331.391	1
350.963	0.0630957	331.391	1
355.797	0.0630957	331.391	1
335.252	0.0630957	331.391	1
1	1	1	1
336.978	0.0794328	331.391	1
321.816	0.0794328	331.391	-1
328.394	0.0794328	331.391	-1
348.739	0.0794328	331.391	1
353.361	0.0794328	331.391	1
346.385	0.0794328	331.391	1
340.846	0.0794328	331.391	1
329.506	0.0794328	331.391	-1
342.578	0.0794328	331.391	1
320.059	0.0794328	331.391	-1
336.919	0.0794328	331.391	1
343.563	0.0794328	331.391	1
346.619	0.0794328	331.391	1
357.321	0.0794328	331.391	1
310.35	0.0794328	331.391	-1
360.28	0.0794328	331.391	1
336.434	0.0794328	331.391	1
346.86	0.0794328	331.391	1
347.768	0.0794328	331.391	1
353.418	0.0794328	331.391	1
329.6	0.0794328	331.391	-1
326.285	0.0794328	331.391	-1
328.242	0.0794328	331.391	-1
353.911	0.0794328	331.391	1
331.984	0.0794328	331.391	1
349.507	0.0794328	331.391	1
306.509	0.0794328	331.391	-1
340.868	0.0794328	331.391	1
320.679	0.0794328	331.391	-1
332.218	0.0794328	331.391	1
337.023	0.0794328	331.391	1
333.196	0.0794328	331.391	1
327.52	0.0794328	331.391	-1
327.237	0.0794328	331.391	-1
358.978	0.0794328	331.391	1
359.777	0.0794328	331.391	1
329.155	0.0794328	331.391	-1
339.18	0.0794328	331.391	1
323.332	0.0794328	331.391	-1
347.525	0.0794328	331.391	1
343.319	0.0794328	331.391	1
334.747	0.0794328	331.391	1
313.104	0.0794328	331.391	-1
317.968	0.0794328	331.391	-1
360.058	0.0794328	331.391	1
328.779	0.0794328	331.391	-1
357.457	0.0794328	331.391	1
335.465	0.0794328	331.391	1
377.896	0.0794328	331.391	1
348.608	0.0794328	331.391	1
343.775	0.0794328	331.391	1
348.126	0.0794328	331.391	1
355.323	0.0794328	331.391	1
357.826	0.0794328	331.391	1
344.039	0.0794328	331.391	1
342.26	0.0794328	331.391	1
327.307	0.0794328	331.391	-1
332.694	0.0794328	331.391	1
341.341	0.0794328	331.391	1
361.314	0.0794328	331.391	1
344.439	0.0794328	331.391	1
332.106	0.0794328	331.391	1
321.535	0.0794328	331.391	-1
354.561	0.0794328	331.391	1
334.339	0.0794328	331.391	1
344.758	0.0794328	331.391	1
348	0.0794328	331.391	1
347.711	0.0794328	331.391	1
354.969	0.0794328	331.391	1
333.742	0.0794328	331.391	1
351.896	0.0794328	331.391	1
351.99	0.0794328	331.391	1
343.861	0.0794328	331.391	1
316.365	0.0794328	331.391	-1
335.809	0.0794328	331.391	1
343.097	0.0794328	331.391	1
334.795	0.0794328	331.391	1
349.266	0.0794328	331.391	1
341.032	0.0794328	331.391	1
354.765	0.0794328	331.391	1
352.552	0.0794328	331.391	1
318.222	0.0794328	331.391	-1
328.561	0.0794328	331.391	-1
333.546	0.0794328	331.391	1
352.306	0.0794328	331.391	1
352.899	0.0794328	331.391	1
348.477	0.0794328	331.391	1
341.064	0.0794328	331.391	1
338.779	0.0794328	331.391	1
340.724	0.0794328	331.391	1
356.308	0.0794328	331.391	1
334.8	0.0794328	331.391	1
322.343	0.0794328	331.391	-1
340.297	0.0794328	331.391	1
344.801	0.0794328	331.391	1
345.459	0.0794328	331.391	1
335.654	0.0794328	331.391	1
346.854	0.0794328	331.391	1
358.352	0.0794328	331.391	1
1	1	1	1
336.807	0.1	331.391	1
355.995	0.1	331.391	1
339.648	0.1	331.391	1
339.471	0.1	331.391	1
333.128	0.1	331.391	1
348.405	0.1	331.391	1
356.932	0.1	331.391	1
362.537	0.1	331.391	1
319.276	0.1	331.391	-1
344.371	0.1	331.391	1
353.985	0.1	331.391	1
362.663	0.1	331.391	1
343.554	0.1	331.391	1
335.346	0.1	331.391	1
347.539	0.1	331.391	1
347.36	0.1	331.391	1
350.142	0.1	331.391	1
350.164	0.1	331.391	1
341.359	0.1	331.391	1
340.142	0.1	331.391	1
336.907	0.1	331.391	1
343.289	0.1	331.391	1
343.293	0.1	331.391	1
377.255	0.1	331.391	1
325.336	0.1	331.391	-1
341.588	0.1	331.391	1
364.822	0.1	331.391	1
342.263	0.1	331.391	1
342.49	0.1	331.391	1
351.7	0.1	331.391	1
351.617	0.1	331.391	1
366.196	0.1	331.391	1
346.423	0.1	331.391	1
361.986	0.1	331.391	1
345.023	0.1	331.391	1
346.744	0.1	331.391	1
344.446	0.1	331.391	1
319.561	0.1	331.391	-1
326.11	0.1	331.391	-1
342.949	0.1	331.391	1
368.234	0.1	331.391	1
320.698	0.1	331.391	-1
323.142	0.1	331.391	-1
340.762	0.1	331.391	1
376.397	0.1	331.391	1
357.423	0.1	331.391	1
339.115	0.1	331.391	1
328.296	0.1	331.391	-1
357.666	0.1	331.391	1
376.75	0.1	331.391	1
351.083	0.1	331.391	1
347.915	0.1	331.391	1
353.48	0.1	331.391	1
341.546	0.1	331.391	1
406.217	0.1	331.391	1
356.229	0.1	331.391	1
350.056	0.1	331.391	1
348.538	0.1	331.391	1
364.161	0.1	331.391	1
343.595	0.1	331.391	1
342.82	0.1	331.391	1
345.542	0.1	331.391	1
333.028	0.1	331.391	1
355.463	0.1	331.391	1
318.54	0.1	331.391	-1
339.067	0.1	331.391	1
342.829	0.1	331.391	1
347.536	0.1	331.391	1
355.206	0.1	331.391	1
347.535	0.1	331.391	1
374.138	0.1	331.391	1
337.757	0.1	331.391	1
328.098	0.1	331.391	-1
349.813	0.1	331.391	1
340.061	0.1	331.391	1
336.903	0.1	331.391	1
344.111	0.1	331.391	1
314.197	0.1	331.391	-1
357.535	0.1	331.391	1
352.543	0.1	331.391	1
331.407	0.1	331.391	1
350.741	0.1	331.391	1
357.879	0.1	331.391	1
369.949	0.1	331.391	1
338.552	0.1	331.391	1
338.703	0.1	331.391	1
350.363	0.1	331.391	1
346.419	0.1	331.391	1
347.192	0.1	331.391	1
366.228	0.1	331.391	1
356.598	0.1	331.391	1
349.258	0.1	331.391	1
343.214	0.1	331.391	1
319.203	0.1	331.391	-1
373.365	0.1	331.391	1
349.217	0.1	331.391	1
350.384	0.1	331.391	1
336.105	0.1	331.391	1
362.289	0.1	331.391	1
1	1	1	1
344.314	0.125893	331.391	1
356.36	0.125893	331.391	1
352.463	0.125893	331.391	1
365.067	0.125893	331.391	1
368.218	0.125893	331.391	1
389.504	0.125893	331.391	1
345.114	0.125893	331.391	1
357.191	0.125893	331.391	1
329.166	0.125893	331.391	-1
345.103	0.125893	331.391	1
371.816	0.125893	331.391	1
349.081	0.125893	331.391	1
364.824	0.125893	331.391	1
377.686	0.125893	331.391	1
354.446	0.125893	331.391	1
344.901	0.125893	331.391	1
362.28	0.125893	331.391	1
344.022	0.125893	331.391	1
331.07	0.125893	331.391	-1
385.239	0.125893	331.391	1
335.546	0.125893	331.391	1
362.89	0.125893	331.391	1
335.759	0.125893	331.391	1
337.752	0.125893	331.391	1
357.672	0.125893	331.391	1
339.633	0.125893	331.391	1
349.827	0.125893	331.391	1
371.961	0.125893	331.391	1
366.412	0.125893	331.391	1
362.96	0.125893	331.391	1
367.314	0.125893	331.391	1
353.726	0.125893	331.391	1
339.767	0.125893	331.391	1
353.292	0.125893	331.391	1
346.318	0.125893	331.391	1
364.649	0.125893	331.391	1
366.019	0.125893	331.391	1
364.885	0.125893	331.391	1
361.268	0.125893	331.391	1
348.756	0.125893	331.391	1
348.55	0.125893	331.391	1
351.856	0.125893	331.391	1
354.904	0.125893	331.391	1
347.597	0.125893	331.391	1
363.973	0.125893	331.391	1
358.313	0.125893	331.391	1
360.905	0.125893	331.391	1
364.275	0.125893	331.391	1
338.932	0.125893	331.391	1
350.839	0.125893	331.391	1
343.337	0.125893	331.391	1
377.242	0.125893	331.391	1
362.148	0.125893	331.391	1
332.176	0.125893	331.391	1
375.492	0.125893	331.391	1
350.823	0.125893	331.391	1
357.829	0.125893	331.391	1
380.759	0.125893	331.391	1
353.3	0.125893	331.391	1
335.202	0.125893	331.391	1
339.351	0.125893	331.391	1
347.36	0.125893	331.391	1
369.891	0.125893	331.391	1
336.763	0.125893	331.391	1
371.532	0.125893	331.391	1
325.652	0.125893	331.391	-1
354.057	0.125893	331.391	1
354.21	0.125893	331.391	1
412.659	0.125893	331.391	1
344.288	0.125893	331.391	1
363.471	0.125893	331.391	1
359.952	0.125893	331.391	1
378.021	0.125893	331.391	1
360.855	0.125893	331.391	1
350.801	0.125893	331.391	1
388.709	0.125893	331.391	1
328.235	0.125893	331.391	-1
345.801	0.125893	331.391	1
331.448	0.125893	331.391	1
355.128	0.125893	331.391	1
334.24	0.125893	331.391	1
365.964	0.125893	331.391	1
354.072	0.125893	331.391	1
363.074	0.125893	331.391	1
348.402	0.125893	331.391	1
349.692	0.125893	331.391	1
356.529	0.125893	331.391	1
340.446	0.125893	331.391	1
385.994	0.125893	331.391	1
339.914	0.125893	331.391	1
341.641	0.125893	331.391	1
352.841	0.125893	331.391	1
355.943	0.125893	331.391	1
348.762	0.125893	331.391	1
357.088	0.125893	331.391	1
337.313	0.125893	331.391	1
347.544	0.125893	331.391	1
411.633	0.125893	331.391	1
356.972	0.125893	331.391	1
1	1	1	1
377.8	0.158489	331.391	1
368.007	0.158489	331.391	1
377.088	0.158489	331.391	1
370.86	0.158489	331.391	1
380.263	0.158489	331.391	1
342.44	0.158489	331.391	1
374.079	0.158489	331.391	1
386.137	0.158489	331.391	1
376.455	0.158489	331.391	1
380.223	0.158489	331.391	1
364.688	0.158489	331.391	1
371.584	0.158489	331.391	1
350.513	0.158489	331.391	1
377.63	0.158489	331.391	1
352.628	0.158489	331.391	1
354.916	0.158489	331.391	1
368.086	0.158489	331.391	1
375.283	0.158489	331.391	1
355.543	0.158489	331.391	1
378.961	0.158489	331.391	1
348.281	0.158489	331.391	1
353.92	0.158489	331.391	1
360.022	0.158489	331.391	1
369.346	0.158489	331.391	1
357.608	0.158489	331.391	1
367.51	0.158489	331.391	1
353.932	0.158489	331.391	1
376.56	0.158489	331.391	1
376.724	0.158489	331.391	1
352.807	0.158489	331.391	1
377.303	0.158489	331.391	1
350.6	0.158489	331.391	1
363.784	0.158489	331.391	1
358.376	0.158489	331.391	1
353.215	0.158489	331.391	1
374.531	0.158489	331.391	1
383.76	0.158489	331.391	1
339.456	0.158489	331.391	1
363.204	0.158489	331.391	1
371.086	0.158489	331.391	1
359.703	0.158489	331.391	1
389.298	0.158489	331.391	1
348.054	0.158489	331.391	1
350.426	0.158489	331.391	1
356.108	0.158489	331.391	1
363.765	0.158489	331.391	1
348.814	0.158489	331.391	1
362.804	0.158489	331.391	1
378.927	0.158489	331.391	1
345.07	0.158489	331.391	1
386.14	0.158489	331.391	1
384.084	0.158489	331.391	1
363.535	0.158489	331.391	1
391.401	0.158489	331.391	1
338.4	0.158489	331.391	1
358.234	0.158489	331.391	1
385.831	0.158489	331.391	1
369.588	0.158489	331.391	1
336.898	0.158489	331.391	1
379.289	0.158489	331.391	1
369.305	0.158489	331.391	1
343.05	0.158489	331.391	1
382.037	0.158489	331.391	1
353.042	0.158489	331.391	1
400.595	0.158489	331.391	1
388.082	0.158489	331.391	1
375.924	0.158489	331.391	1
374.56	0.158489	331.391	1
395.485	0.158489	331.391	1
367.264	0.158489	331.391	1
381.629	0.158489	331.391	1
348.282	0.158489	331.391	1
364.014	0.158489	331.391	1
339.218	0.158489	331.391	1
358.953	0.158489	331.391	1
353.393	0.158489	331.391	1
370.423	0.158489	331.391	1
364.991	0.158489	331.391	1
397.759	0.158489	331.391	1
353.837	0.158489	331.391	1
362.767	0.158489	331.391	1
394.994	0.158489	331.391	1
371.258	0.158489	331.391	1
358.47	0.158489	331.391	1
353.003	0.158489	331.391	1
345.99	0.158489	331.391	1
376.044	0.158489	331.391	1
387.946	0.158489	331.391	1
364.07	0.158489	331.391	1
338.123	0.158489	331.391	1
360.922	0.158489	331.391	1
361.561	0.158489	331.391	1
388.921	0.158489	331.391	1
376.372	0.158489	331.391	1
344.306	0.158489	331.391	1
365.859	0.158489	331.391	1
358.012	0.158489	331.391	1
349.178	0.158489	331.391	1
355.039	0.158489	331.391	1
1	1	1	1
374.648	0.199526	331.391	1
386.679	0.199526	331.391	1
394.933	0.199526	331.391	1
361.051	0.199526	331.391	1
403.238	0.199526	331.391	1
382.405	0.199526	331.391	1
395.296	0.199526	331.391	1
370.21	0.199526	331.391	1
391.162	0.199526	331.391	1
386.183	0.199526	331.391	1
392.144	0.199526	331.391	1
371.674	0.199526	331.391	1
372.57	0.199526	331.391	1
378.699	0.199526	331.391	1
382.318	0.199526	331.391	1
378.009	0.199526	331.391	1
367.2	0.199526	331.391	1
371.666	0.199526	331.391	1
389.495	0.199526	331.391	1
386.699	0.199526	331.391	1
367.767	0.199526	331.391	1
349.313	0.199526	331.391	1
395.526	0.199526	331.391	1
384.043	0.199526	331.391	1
358.631	0.199526	331.391	1
372.262	0.199526	331.391	1
378.941	0.199526	331.391	1
375.483	0.199526	331.391	1
399.791	0.199526	331.391	1
393.229	0.199526	331.391	1
417.403	0.199526	331.391	1
384.901	0.199526	331.391	1
373.723	0.199526	331.391	1
379.899	0.199526	331.391	1
381.778	0.199526	331.391	1
379.176	0.199526	331.391	1
388.187	0.199526	331.391	1
397.442	0.199526	331.391	1
379.747	0.199526	331.391	1
373.009	0.199526	331.391	1
372.81	0.199526	331.391	1
393.213	0.199526	331.391	1
387.422	0.199526	331.391	1
356.969	0.199526	331.391	1
378.585	0.199526	331.391	1
414.047	0.199526	331.391	1
360.239	0.199526	331.391	1
376.942	0.199526	331.391	1
376.022	0.199526	331.391	1
375.741	0.199526	331.391	1
397.567	0.199526	331.391	1
376.591	0.199526	331.391	1
397.978	0.199526	331.391	1
408.956	0.199526	331.391	1
384.933	0.199526	331.391	1
401.249	0.199526	331.391	1
373.339	0.199526	331.391	1
373.724	0.199526	331.391	1
362.011	0.199526	331.391	1
394.78	0.199526	331.391	1
373.504	0.199526	331.391	1
367.681	0.199526	331.391	1
372.069	0.199526	331.391	1
388.58	0.199526	331.391	1
382.623	0.199526	331.391	1
359.786	0.199526	331.391	1
391.144	0.199526	331.391	1
406.842	0.199526	331.391	1
379.015	0.199526	331.391	1
393.572	0.199526	331.391	1
354.022	0.199526	331.391	1
380.693	0.199526	331.391	1
375.626	0.199526	331.391	1
381.082	0.199526	331.391	1
380.118	0.199526	331.391	1
384.645	0.199526	331.391	1
379.355	0.199526	331.391	1
388.809	0.199526	331.391	1
361.163	0.199526	331.391	1
384.213	0.199526	331.391	1
384.959	0.199526	331.391	1
372.685	0.199526	331.391	1
385.51	0.199526	331.391	1
366.455	0.199526	331.391	1
370.198	0.199526	331.391	1
380.264	0.199526	331.391	1
351.243	0.199526	331.391	1
390.218	0.199526	331.391	1
391.349	0.199526	331.391	1
371.702	0.199526	331.391	1
364.867	0.199526	331.391	1
408.193	0.199526	331.391	1
377.483	0.199526	331.391	1
388.938	0.199526	331.391	1
392.899	0.199526	331.391	1
367.823	0.199526	331.391	1
405.546	0.199526	331.391	1
368.044	0.199526	331.391	1
395.252	0.199526	331.391	1
1	1	1	1
419.899	0.251189	331.391	1
390.572	0.251189	331.391	1
408.689	0.251189	331.391	1
388.412	0.251189	331.391	1
397.681	0.251189	331.391	1
379.904	0.251189	331.391	1
363.163	0.251189	331.391	1
366.114	0.251189	331.391	1
387.444	0.251189	331.391	1
380.517	0.251189	331.391	1
391.257	0.251189	331.391	1
385.371	0.251189	331.391	1
407.781	0.251189	331.391	1
384.923	0.251189	331.391	1
406.622	0.251189	331.391	1
395.702	0.251189	331.391	1
419.372	0.251189	331.391	1
397.155	0.251189	331.391	1
411.698	0.251189	331.391	1
410.263	0.251189	331.391	1
362.763	0.251189	331.391	1
396.447	0.251189	331.391	1
411.083	0.251189	331.391	1
399.618	0.251189	331.391	1
407.562	0.251189	331.391	1
364.093	0.251189	331.391	1
409.456	0.251189	331.391	1
397.543	0.251189	331.391	1
406.916	0.251189	331.391	1
388.357	0.251189	331.391	1
388.299	0.251189	331.391	1
382.973	0.251189	331.391	1
389.907	0.251189	331.391	1
384.962	0.251189	331.391	1
398.665	0.251189	331.391	1
384.33	0.251189	331.391	1
378.754	0.251189	331.391	1
395.392	0.251189	331.391	1
401.291	0.251189	331.391	1
397.801	0.251189	331.391	1
399.567	0.251189	331.391	1
362.559	0.251189	331.391	1
370.444	0.251189	331.391	1
405.414	0.251189	331.391	1
393.164	0.251189	331.391	1
391.336	0.251189	331.391	1
411.461	0.251189	331.391	1
392.419	0.251189	331.391	1
381.324	0.251189	331.391	1
395.99	0.251189	331.391	1
376.794	0.251189	331.391	1
384.838	0.251189	331.391	1
388.132	0.251189	331.391	1
397.654	0.251189	331.391	1
369.363	0.251189	331.391	1
406.743	0.251189	331.391	1
360.887	0.251189	331.391	1
383.414	0.251189	331.391	1
415.302	0.251189	331.391	1
382.875	0.251189	331.391	1
412.562	0.251189	331.391	1
389.831	0.251189	331.391	1
381.487	0.251189	331.391	1
404.31	0.251189	331.391	1
406.958	0.251189	331.391	1
404.855	0.251189	331.391	1
374.038	0.251189	331.391	1
411.212	0.251189	331.391	1
357.153	0.251189	331.391	1
380.048	0.251189	331.391	1
416.239	0.251189	331.391	1
421.095	0.251189	331.391	1
387.43	0.251189	331.391	1
403.505	0.251189	331.391	1
400.797	0.251189	331.391	1
367.752	0.251189	331.391	1
390.175	0.251189	331.391	1
425.912	0.251189	331.391	1
410.255	0.251189	331.391	1
386.345	0.251189	331.391	1
408.59	0.251189	331.391	1
380.36	0.251189	331.391	1
406.013	0.251189	331.391	1
378.814	0.251189	331.391	1
399.429	0.251189	331.391	1
413.17	0.251189	331.391	1
391.784	0.251189	331.391	1
391.094	0.251189	331.391	1
395.392	0.251189	331.391	1
387.308	0.251189	331.391	1
378.213	0.251189	331.391	1
376.05	0.251189	331.391	1
396.256	0.251189	331.391	1
379.419	0.251189	331.391	1
382.824	0.251189	331.391	1
382.079	0.251189	331.391	1
386.315	0.251189	331.391	1
389.566	0.251189	331.391	1
409.054	0.251189	331.391	1
1	1	1	1
420.982	0.316228	331.391	1
404.146	0.316228	331.391	1
421.837	0.316228	331.391	1
401.587	0.316228	331.391	1
395.123	0.316228	331.391	1
423.826	0.316228	331.391	1
397.105	0.316228	331.391	1
426.353	0.316228	331.391	1
428.754	0.316228	331.391	1
396.516	0.316228	331.391	1
414.986	0.316228	331.391	1
424.579	0.316228	331.391	1
435.232	0.316228	331.391	1
412.15	0.316228	331.391	1
417.381	0.316228	331.391	1
403.614	0.316228	331.391	1
422.621	0.316228	331.391	1
415.92	0.316228	331.391	1
458.367	0.316228	331.391	1
408.854	0.316228	331.391	1
412.893	0.316228	331.391	1
392.495	0.316228	331.391	1
411.035	0.316228	331.391	1
405.34	0.316228	331.391	1
436.838	0.316228	331.391	1
426.554	0.316228	331.391	1
407.618	0.316228	331.391	1
418.959	0.316228	331.391	1
422.314	0.316228	331.391	1
404.887	0.316228	331.391	1
404.8	0.316228	331.391	1
398.952	0.316228	331.391	1
426.831	0.316228	331.391	1
393.452	0.316228	331.391	1
400.009	0.316228	331.391	1
458.395	0.316228	331.391	1
399.79	0.316228	331.391	1
415.092	0.316228	331.391	1
395.076	0.316228	331.391	1
431.827	0.316228	331.391	1
441.531	0.316228	331.391	1
398.574	0.316228	331.391	1
420.063	0.316228	331.391	1
395.578	0.316228	331.391	1
409.268	0.316228	331.391	1
419.281	0.316228	331.391	1
419.435	0.316228	331.391	1
439.386	0.316228	331.391	1
406.002	0.316228	331.391	1
466.298	0.316228	331.391	1
388.699	0.316228	331.391	1
431.872	0.316228	331.391	1
413.514	0.316228	331.391	1
390.033	0.316228	331.391	1
438.21	0.316228	331.391	1
383.068	0.316228	331.391	1
404.819	0.316228	331.391	1
427.29	0.316228	331.391	1
397.759	0.316228	331.391	1
426.365	0.316228	331.391	1
439.059	0.316228	331.391	1
408.041	0.316228	331.391	1
420.302	0.316228	331.391	1
421.179	0.316228	331.391	1
416.211	0.316228	331.391	1
419.822	0.316228	331.391	1
424.579	0.316228	331.391	1
413.277	0.316228	331.391	1
413.285	0.316228	331.391	1
427.533	0.316228	331.391	1
407.788	0.316228	331.391	1
412.954	0.316228	331.391	1
416.74	0.316228	331.391	1
433.778	0.316228	331.391	1
412.53	0.316228	331.391	1
421.509	0.316228	331.391	1
392.98	0.316228	331.391	1
412.137	0.316228	331.391	1
442.744	0.316228	331.391	1
385.212	0.316228	331.391	1
416.861	0.316228	331.391	1
432.117	0.316228	331.391	1
416.814	0.316228	331.391	1
423.198	0.316228	331.391	1
416.407	0.316228	331.391	1
411.625	0.316228	331.391	1
431.999	0.316228	331.391	1
405.388	0.316228	331.391	1
418.974	0.316228	331.391	1
453.824	0.316228	331.391	1
430.216	0.316228	331.391	1
413.118	0.316228	331.391	1
426.28	0.316228	331.391	1
395.276	0.316228	331.391	1
434.596	0.316228	331.391	1
401.885	0.316228	331.391	1
416.718	0.316228	331.391	1
419.41	0.316228	331.391	1
415.696	0.316228	331.391	1
1	1	1	1
442.998	0.398107	331.391	1
424.278	0.398107	331.391	1
400.269	0.398107	331.391	1
444.686	0.398107	331.391	1
441.806	0.398107	331.391	1
445.873	0.398107	331.391	1
412.607	0.398107	331.391	1
430.632	0.398107	331.391	1
450.073	0.398107	331.391	1
422.156	0.398107	331.391	1
437.032	0.398107	331.391	1
453.257	0.398107	331.391	1
417.953	0.398107	331.391	1
438.639	0.398107	331.391	1
393.553	0.398107	331.391	1
432.928	0.398107	331.391	1
439.873	0.398107	331.391	1
438.863	0.398107	331.391	1
425.884	0.398107	331.391	1
439.452	0.398107	331.391	1
431.556	0.398107	331.391	1
421.737	0.398107	331.391	1
453.218	0.398107	331.391	1
458.123	0.398107	331.391	1
464.323	0.398107	331.391	1
431.206	0.398107	331.391	1
414.463	0.398107	331.391	1
419.464	0.398107	331.391	1
420.674	0.398107	331.391	1
456.03	0.398107	331.391	1
476.477	0.398107	331.391	1
428.738	0.398107	331.391	1
445.183	0.398107	331.391	1
437.365	0.398107	331.391	1
439.824	0.398107	331.391	1
427.885	0.398107	331.391	1
433.319	0.398107	331.391	1
455.168	0.398107	331.391	1
433.25	0.398107	331.391	1
426.328	0.398107	331.391	1
441.619	0.398107	331.391	1
449.833	0.398107	331.391	1
422.754	0.398107	331.391	1
452.1	0.398107	331.391	1
445.336	0.398107	331.391	1
422.591	0.398107	331.391	1
461.998	0.398107	331.391	1
444.381	0.398107	331.391	1
469.111	0.398107	331.391	1
454.501	0.398107	331.391	1
449.752	0.398107	331.391	1
439.878	0.398107	331.391	1
458.415	0.398107	331.391	1
495.568	0.398107	331.391	1
402.804	0.398107	331.391	1
455.001	0.398107	331.391	1
461.209	0.398107	331.391	1
422.763	0.398107	331.391	1
443.344	0.398107	331.391	1
421.292	0.398107	331.391	1
445.557	0.398107	331.391	1
429.207	0.398107	331.391	1
417.675	0.398107	331.391	1
452.093	0.398107	331.391	1
446.42	0.398107	331.391	1
447.404	0.398107	331.391	1
455.315	0.398107	331.391	1
431.198	0.398107	331.391	1
432.297	0.398107	331.391	1
446.46	0.398107	331.391	1
424.407	0.398107	331.391	1
427.275	0.398107	331.391	1
436.093	0.398107	331.391	1
437.039	0.398107	331.391	1
432.277	0.398107	331.391	1
431.464	0.398107	331.391	1
440.563	0.398107	331.391	1
450.96	0.398107	331.391	1
435.181	0.398107	331.391	1
454.073	0.398107	331.391	1
449.608	0.398107	331.391	1
443.533	0.398107	331.391	1
426.123	0.398107	331.391	1
438.986	0.398107	331.391	1
416.174	0.398107	331.391	1
431.858	0.398107	331.391	1
445.516	0.398107	331.391	1
427.923	0.398107	331.391	1
449.328	0.398107	331.391	1
407.706	0.398107	331.391	1
419.178	0.398107	331.391	1
460.444	0.398107	331.391	1
457.23	0.398107	331.391	1
453.657	0.398107	331.391	1
442.917	0.398107	331.391	1
435.324	0.398107	331.391	1
427.714	0.398107	331.391	1
406.402	0.398107	331.391	1
416.923	0.398107	331.391	1
1	1	1	1
466.85	0.501187	331.391	1
451.789	0.501187	331.391	1
497.743	0.501187	331.391	1
475.619	0.501187	331.391	1
496.608	0.501187	331.391	1
490.385	0.501187	331.391	1
478.443	0.501187	331.391	1
445.781	0.501187	331.391	1
463.408	0.501187	331.391	1
454.964	0.501187	331.391	1
493.655	0.501187	331.391	1
474.732	0.501187	331.391	1
447.5	0.501187	331.391	1
471.834	0.501187	331.391	1
506.828	0.501187	331.391	1
466.605	0.501187	331.391	1
496.228	0.501187	331.391	1
462.955	0.501187	331.391	1
477.705	0.501187	331.391	1
494.616	0.501187	331.391	1
476.43	0.501187	331.391	1
496.538	0.501187	331.391	1
464.264	0.501187	331.391	1
504.631	0.501187	331.391	1
469.815	0.501187	331.391	1
511.501	0.501187	331.391	1
504.707	0.501187	331.391	1
478.365	0.501187	331.391	1
470.226	0.501187	331.391	1
447.808	0.501187	331.391	1
465.098	0.501187	331.391	1
451.177	0.501187	331.391	1
456.039	0.501187	331.391	1
466.353	0.501187	331.391	1
456.28	0.501187	331.391	1
483.485	0.501187	331.391	1
458.187	0.501187	331.391	1
496.751	0.501187	331.391	1
458.653	0.501187	331.391	1
482.099	0.501187	331.391	1
473.335	0.501187	331.391	1
495.775	0.501187	331.391	1
481.22	0.501187	331.391	1
471.193	0.501187	331.391	1
514.72	0.501187	331.391	1
429.913	0.501187	331.391	1
447.167	0.501187	331.391	1
500.503	0.501187	331.391	1
455.245	0.501187	331.391	1
482.243	0.501187	331.391	1
455.007	0.501187	331.391	1
471.299	0.501187	331.391	1
462.464	0.501187	331.391	1
478.928	0.501187	331.391	1
466.238	0.501187	331.391	1
447.372	0.501187	331.391	1
453.319	0.501187	331.391	1
484.665	0.501187	331.391	1
466.031	0.501187	331.391	1
480.282	0.501187	331.391	1
469.022	0.501187	331.391	1
454.056	0.501187	331.391	1
500.64	0.501187	331.391	1
463.314	0.501187	331.391	1
474.814	0.501187	331.391	1
474.8	0.501187	331.391	1
495.239	0.501187	331.391	1
478.984	0.501187	331.391	1
486.413	0.501187	331.391	1
486.505	0.501187	331.391	1
466.391	0.501187	331.391	1
475.536	0.501187	331.391	1
476.139	0.501187	331.391	1
474.743	0.501187	331.391	1
470.312	0.501187	331.391	1
459.225	0.501187	331.391	1
466.421	0.501187	331.391	1
469.137	0.501187	331.391	1
467.42	0.501187	331.391	1
451.692	0.501187	331.391	1
526.508	0.501187	331.391	1
465.27	0.501187	331.391	1
462.359	0.501187	331.391	1
455.728	0.501187	331.391	1
478.757	0.501187	331.391	1
450.913	0.501187	331.391	1
464.726	0.501187	331.391	1
474.113	0.501187	331.391	1
479.529	0.501187	331.391	1
483.961	0.501187	331.391	1
468.197	0.501187	331.391	1
480.523	0.501187	331.391	1
509.085	0.501187	331.391	1
485.904	0.501187	331.391	1
465.414	0.501187	331.391	1
469.373	0.501187	331.391	1
482.924	0.501187	331.391	1
449.624	0.501187	331.391	1
472.179	0.501187	331.391	1
1	1	1	1
538.573	0.630957	331.391	1
498.039	0.630957	331.391	1
523.282	0.630957	331.391	1
509.674	0.630957	331.391	1
519.701	0.630957	331.391	1
523.825	0.630957	331.391	1
520.67	0.630957	331.391	1
517.004	0.630957	331.391	1
512.566	0.630957	331.391	1
526.357	0.630957	331.391	1
488.591	0.630957	331.391	1
546.994	0.630957	331.391	1
503.431	0.630957	331.391	1
532.308	0.630957	331.391	1
484.411	0.630957	331.391	1
541.514	0.630957	331.391	1
507.673	0.630957	331.391	1
558.361	0.630957	331.391	1
501.163	0.630957	331.391	1
501.831	0.630957	331.391	1
529.558	0.630957	331.391	1
554.833	0.630957	331.391	1
516.599	0.630957	331.391	1
557.539	0.630957	331.391	1
490.446	0.630957	331.391	1
518.819	0.630957	331.391	1
506.322	0.630957	331.391	1
513.71	0.630957	331.391	1
514.86	0.630957	331.391	1
496.713	0.630957	331.391	1
517.445	0.630957	331.391	1
513.698	0.630957	331.391	1
537.435	0.630957	331.391	1
481.991	0.630957	331.391	1
523.063	0.630957	331.391	1
509.215	0.630957	331.391	1
498.19	0.630957	331.391	1
510.557	0.630957	331.391	1
516.127	0.630957	331.391	1
544.799	0.630957	331.391	1
547.742	0.630957	331.391	1
507.203	0.630957	331.391	1
545.524	0.630957	331.391	1
531.615	0.630957	331.391	1
525.468	0.630957	331.391	1
520.868	0.630957	331.391	1
513.521	0.630957	331.391	1
513.671	0.630957	331.391	1
489.55	0.630957	331.391	1
514.401	0.630957	331.391	1
475.01	0.630957	331.391	1
503.328	0.630957	331.391	1
525.027	0.630957	331.391	1
561.179	0.630957	331.391	1
503.106	0.630957	331.391	1
538.451	0.630957	331.391	1
523.685	0.630957	331.391	1
505.493	0.630957	331.391	1
556.359	0.630957	331.391	1
526.204	0.630957	331.391	1
514.058	0.630957	331.391	1
529.606	0.630957	331.391	1
500.096	0.630957	331.391	1
527.549	0.630957	331.391	1
539.741	0.630957	331.391	1
538.17	0.630957	331.391	1
509.691	0.630957	331.391	1
519.445	0.630957	331.391	1
513.175	0.630957	331.391	1
510.901	0.630957	331.391	1
511.287	0.630957	331.391	1
481.556	0.630957	331.391	1
532.491	0.630957	331.391	1
527.467	0.630957	331.391	1
518.119	0.630957	331.391	1
492.297	0.630957	331.391	1
528.503	0.630957	331.391	1
493.694	0.630957	331.391	1
521.566	0.630957	331.391	1
511.642	0.630957	331.391	1
536.514	0.630957	331.391	1
503.981	0.630957	331.391	1
523.453	0.630957	331.391	1
532.269	0.630957	331.391	1
505.144	0.630957	331.391	1
541.017	0.630957	331.391	1
525.601	0.630957	331.391	1
515.004	0.630957	331.391	1
485.71	0.630957	331.391	1
514.609	0.630957	331.391	1
497.917	0.630957	331.391	1
492.76	0.630957	331.391	1
523.139	0.630957	331.391	1
521.742	0.630957	331.391	1
499.259	0.630957	331.391	1
487.405	0.630957	331.391	1
518.129	0.630957	331.391	1
489.911	0.630957	331.391	1
512.142	0.630957	331.391	1
1	1	1	1
599.814	0.794328	331.391	1
548.403	0.794328	331.391	1
552.745	0.794328	331.391	1
555.073	0.794328	331.391	1
577.459	0.794328	331.391	1
564.09	0.794328	331.391	1
584.555	0.794328	331.391	1
556.079	0.794328	331.391	1
590.939	0.794328	331.391	1
592.042	0.794328	331.391	1
572.666	0.794328	331.391	1
584.909	0.794328	331.391	1
575.715	0.794328	331.391	1
563.965	0.794328	331.391	1
545.693	0.794328	331.391	1
559.303	0.794328	331.391	1
549.195	0.794328	331.391	1
578.668	0.794328	331.391	1
555.684	0.794328	331.391	1
562.135	0.794328	331.391	1
600.776	0.794328	331.391	1
551.873	0.794328	331.391	1
583.864	0.794328	331.391	1
573.126	0.794328	331.391	1
565.874	0.794328	331.391	1
581.84	0.794328	331.391	1
541.687	0.794328	331.391	1
560.807	0.794328	331.391	1
535.699	0.794328	331.391	1
569.952	0.794328	331.391	1
612.369	0.794328	331.391	1
569.741	0.794328	331.391	1
540.649	0.794328	331.391	1
595.143	0.794328	331.391	1
521.79	0.794328	331.391	1
581.164	0.794328	331.391	1
546.547	0.794328	331.391	1
566.445	0.794328	331.391	1
550.068	0.794328	331.391	1
578.797	0.794328	331.391	1
601.407	0.794328	331.391	1
538.527	0.794328	331.391	1
539.296	0.794328	331.391	1
553.727	0.794328	331.391	1
579.205	0.794328	331.391	1
551.536	0.794328	331.391	1
554.098	0.794328	331.391	1
522.124	0.794328	331.391	1
543.759	0.794328	331.391	1
544.312	0.794328	331.391	1
557.466	0.794328	331.391	1
558.27	0.794328	331.391	1
581.711	0.794328	331.391	1
588.295	0.794328	331.391	1
568.911	0.794328	331.391	1
542.786	0.794328	331.391	1
551.299	0.794328	331.391	1
554.205	0.794328	331.391	1
578.86	0.794328	331.391	1
571.691	0.794328	331.391	1
542.593	0.794328	331.391	1
620.696	0.794328	331.391	1
567.413	0.794328	331.391	1
571.766	0.794328	331.391	1
590.615	0.794328	331.391	1
563.282	0.794328	331.391	1
603.121	0.794328	331.391	1
577.989	0.794328	331.391	1
565.738	0.794328	331.391	1
552.958	0.794328	331.391	1
586.998	0.794328	331.391	1
592.966	0.794328	331.391	1
590.214	0.794328	331.391	1
565.239	0.794328	331.391	1
578.518	0.794328	331.391	1
539.206	0.794328	331.391	1
540.798	0.794328	331.391	1
560.89	0.794328	331.391	1
581.59	0.794328	331.391	1
567.062	0.794328	331.391	1
564.829	0.794328	331.391	1
587.086	0.794328	331.391	1
531.213	0.794328	331.391	1
591.551	0.794328	331.391	1
553.128	0.794328	331.391	1
613.571	0.794328	331.391	1
563.241	0.794328	331.391	1
558.582	0.794328	331.391	1
550.392	0.794328	331.391	1
601.146	0.794328	331.391	1
581.676	0.794328	331.391	1
544.063	0.794328	331.391	1
550.941	0.794328	331.391	1
523.332	0.794328	331.391	1
555.988	0.794328	331.391	1
561.17	0.794328	331.391	1
593.852	0.794328	331.391	1
545.672	0.794328	331.391	1
540.025	0.794328	331.391	1
1	1	1	1
658.241	1	331.391	1
591.853	1	331.391	1
630.554	1	331.391	1
595.573	1	331.391	1
620.861	1	331.391	1
573.528	1	331.391	1
639.487	1	331.391	1
630.916	1	331.391	1
656.382	1	331.391	1
637.837	1	331.391	1
630.608	1	331.391	1
640.251	1	331.391	1
643.318	1	331.391	1
621.616	1	331.391	1
674.993	1	331.391	1
639.651	1	331.391	1
661.739	1	331.391	1
642.178	1	331.391	1
617.046	1	331.391	1
663.328	1	331.391	1
615.069	1	331.391	1
647.092	1	331.391	1
630.098	1	331.391	1
625.84	1	331.391	1
629.621	1	331.391	1
628.755	1	331.391	1
627.093	1	331.391	1
618.082	1	331.391	1
629.37	1	331.391	1
624.654	1	331.391	1
638.362	1	331.391	1
625.163	1	331.391	1
592.167	1	331.391	1
607.86	1	331.391	1
610.154	1	331.391	1
627.981	1	331.391	1
636.413	1	331.391	1
634.935	1	331.391	1
638.718	1	331.391	1
621.28	1	331.391	1
632.831	1	331.391	1
663.595	1	331.391	1
630.731	1	331.391	1
629.767	1	331.391	1
629.072	1	331.391	1
618.488	1	331.391	1
630.506	1	331.391	1
647.603	1	331.391	1
580.134	1	331.391	1
663.124	1	331.391	1
633.248	1	331.391	1
656.04	1	331.391	1
655.017	1	331.391	1
591.338	1	331.391	1
619.131	1	331.391	1
614.028	1	331.391	1
650.938	1	331.391	1
621.603	1	331.391	1
628.803	1	331.391	1
621.911	1	331.391	1
631.639	1	331.391	1
657.61	1	331.391	1
614.601	1	331.391	1
622.301	1	331.391	1
635.761	1	331.391	1
650.49	1	331.391	1
610.454	1	331.391	1
576.109	1	331.391	1
639.326	1	331.391	1
660.53	1	331.391	1
641.077	1	331.391	1
594.899	1	331.391	1
624.458	1	331.391	1
641.297	1	331.391	1
613.688	1	331.391	1
624.373	1	331.391	1
619.415	1	331.391	1
616.087	1	331.391	1
650.014	1	331.391	1
620.377	1	331.391	1
629.253	1	331.391	1
635.254	1	331.391	1
636.518	1	331.391	1
617.727	1	331.391	1
619.761	1	331.391	1
636.16	1	331.391	1
636.829	1	331.391	1
618.219	1	331.391	1
661.322	1	331.391	1
634.741	1	331.391	1
615.311	1	331.391	1
662.704	1	331.391	1
641.165	1	331.391	1
638.78	1	331.391	1
628.056	1	331.391	1
651.389	1	331.391	1
634.43	1	331.391	1
632.413	1	331.391	1
653.191	1	331.391	1
1	1	1	1
