317.286	0.0398107	331.391	-1
344.161	0.0398107	331.391	1
343.742	0.0398107	331.391	1
327.318	0.0398107	331.391	-1
326.05	0.0398107	331.391	-1
347.886	0.0398107	331.391	1
327.822	0.0398107	331.391	-1
333.12	0.0398107	331.391	1
346.325	0.0398107	331.391	1
304.206	0.0398107	331.391	-1
312.72	0.0398107	331.391	-1
332.536	0.0398107	331.391	1
334.294	0.0398107	331.391	1
339.547	0.0398107	331.391	1
329.765	0.0398107	331.391	-1
330.291	0.0398107	331.391	-1
310.045	0.0398107	331.391	-1
309.189	0.0398107	331.391	-1
350.257	0.0398107	331.391	1
321.435	0.0398107	331.391	-1
324.566	0.0398107	331.391	-1
343.731	0.0398107	331.391	1
323.663	0.0398107	331.391	-1
318.693	0.0398107	331.391	-1
338.792	0.0398107	331.391	1
348.186	0.0398107	331.391	1
335.873	0.0398107	331.391	1
324.715	0.0398107	331.391	-1
346.192	0.0398107	331.391	1
355.733	0.0398107	331.391	1
348.348	0.0398107	331.391	1
356.738	0.0398107	331.391	1
329.463	0.0398107	331.391	-1
346.402	0.0398107	331.391	1
329.459	0.0398107	331.391	-1
324.673	0.0398107	331.391	-1
331.971	0.0398107	331.391	1
307.69	0.0398107	331.391	-1
335.928	0.0398107	331.391	1
328.739	0.0398107	331.391	-1
314.479	0.0398107	331.391	-1
324.349	0.0398107	331.391	-1
326.395	0.0398107	331.391	-1
329.121	0.0398107	331.391	-1
323.158	0.0398107	331.391	-1
330.323	0.0398107	331.391	-1
314.808	0.0398107	331.391	-1
328.159	0.0398107	331.391	-1
328.331	0.0398107	331.391	-1
324.65	0.0398107	331.391	-1
329.668	0.0398107	331.391	-1
340.08	0.0398107	331.391	1
358.984	0.0398107	331.391	1
348.531	0.0398107	331.391	1
299.803	0.0398107	331.391	-1
341.586	0.0398107	331.391	1
335.529	0.0398107	331.391	1
355.03	0.0398107	331.391	1
316.646	0.0398107	331.391	-1
325.643	0.0398107	331.391	-1
333.599	0.0398107	331.391	1
341.65	0.0398107	331.391	1
335.587	0.0398107	331.391	1
322.084	0.0398107	331.391	-1
338.421	0.0398107	331.391	1
337.504	0.0398107	331.391	1
341.492	0.0398107	331.391	1
355.366	0.0398107	331.391	1
312.833	0.0398107	331.391	-1
323.691	0.0398107	331.391	-1
335.585	0.0398107	331.391	1
328.968	0.0398107	331.391	-1
359.333	0.0398107	331.391	1
322.174	0.0398107	331.391	-1
314.001	0.0398107	331.391	-1
321.245	0.0398107	331.391	-1
325.978	0.0398107	331.391	-1
347.984	0.0398107	331.391	1
325.061	0.0398107	331.391	-1
326.664	0.0398107	331.391	-1
340.909	0.0398107	331.391	1
330.378	0.0398107	331.391	-1
317.235	0.0398107	331.391	-1
300.357	0.0398107	331.391	-1
331.876	0.0398107	331.391	1
325.714	0.0398107	331.391	-1
331.68	0.0398107	331.391	1
332.966	0.0398107	331.391	1
333.336	0.0398107	331.391	1
332.437	0.0398107	331.391	1
345.031	0.0398107	331.391	1
307.523	0.0398107	331.391	-1
352.663	0.0398107	331.391	1
315.862	0.0398107	331.391	-1
316.879	0.0398107	331.391	-1
338.311	0.0398107	331.391	1
321.6	0.0398107	331.391	-1
335.341	0.0398107	331.391	1
307.785	0.0398107	331.391	-1
1	1	1	1
323.756	0.0501187	331.391	-1
328.911	0.0501187	331.391	-1
329.359	0.0501187	331.391	-1
323.995	0.0501187	331.391	-1
340.196	0.0501187	331.391	1
324.842	0.0501187	331.391	-1
319.165	0.0501187	331.391	-1
343.189	0.0501187	331.391	1
342.269	0.0501187	331.391	1
340.849	0.0501187	331.391	1
337.779	0.0501187	331.391	1
317.326	0.0501187	331.391	-1
319.806	0.0501187	331.391	-1
316.625	0.0501187	331.391	-1
342.813	0.0501187	331.391	1
333.555	0.0501187	331.391	1
324.012	0.0501187	331.391	-1
343.328	0.0501187	331.391	1
339.337	0.0501187	331.391	1
323.822	0.0501187	331.391	-1
323.402	0.0501187	331.391	-1
330.58	0.0501187	331.391	-1
355.092	0.0501187	331.391	1
334.737	0.0501187	331.391	1
324.395	0.0501187	331.391	-1
324.434	0.0501187	331.391	-1
331.331	0.0501187	331.391	-1
312.072	0.0501187	331.391	-1
326.528	0.0501187	331.391	-1
326.067	0.0501187	331.391	-1
331.901	0.0501187	331.391	1
344.118	0.0501187	331.391	1
328.693	0.0501187	331.391	-1
309.402	0.0501187	331.391	-1
331.606	0.0501187	331.391	1
320.906	0.0501187	331.391	-1
340.986	0.0501187	331.391	1
370.084	0.0501187	331.391	1
332.484	0.0501187	331.391	1
335.051	0.0501187	331.391	1
338.213	0.0501187	331.391	1
327.321	0.0501187	331.391	-1
328.163	0.0501187	331.391	-1
330.695	0.0501187	331.391	-1
342.36	0.0501187	331.391	1
334.523	0.0501187	331.391	1
329.157	0.0501187	331.391	-1
321.016	0.0501187	331.391	-1
329.519	0.0501187	331.391	-1
341.648	0.0501187	331.391	1
363.901	0.0501187	331.391	1
344.793	0.0501187	331.391	1
340.026	0.0501187	331.391	1
340.611	0.0501187	331.391	1
333.823	0.0501187	331.391	1
321.823	0.0501187	331.391	-1
324.833	0.0501187	331.391	-1
331.709	0.0501187	331.391	1
318.123	0.0501187	331.391	-1
321.427	0.0501187	331.391	-1
313.983	0.0501187	331.391	-1
352.18	0.0501187	331.391	1
318.942	0.0501187	331.391	-1
318.502	0.0501187	331.391	-1
324.956	0.0501187	331.391	-1
322.24	0.0501187	331.391	-1
331.553	0.0501187	331.391	1
347.035	0.0501187	331.391	1
327.392	0.0501187	331.391	-1
317.537	0.0501187	331.391	-1
332.156	0.0501187	331.391	1
319.752	0.0501187	331.391	-1
299.442	0.0501187	331.391	-1
341.345	0.0501187	331.391	1
327.633	0.0501187	331.391	-1
344.937	0.0501187	331.391	1
321.783	0.0501187	331.391	-1
330.656	0.0501187	331.391	-1
313.087	0.0501187	331.391	-1
322.162	0.0501187	331.391	-1
319.99	0.0501187	331.391	-1
333.357	0.0501187	331.391	1
346.475	0.0501187	331.391	1
324.157	0.0501187	331.391	-1
332.486	0.0501187	331.391	1
335.601	0.0501187	331.391	1
303.306	0.0501187	331.391	-1
339.175	0.0501187	331.391	1
310.856	0.0501187	331.391	-1
330.287	0.0501187	331.391	-1
342.175	0.0501187	331.391	1
291.509	0.0501187	331.391	-1
318.419	0.0501187	331.391	-1
333.276	0.0501187	331.391	1
337.36	0.0501187	331.391	1
335.479	0.0501187	331.391	1
309.392	0.0501187	331.391	-1
340.641	0.0501187	331.391	1
323.594	0.0501187	331.391	-1
1	1	1	1
340.047	0.0630957	331.391	1
351.013	0.0630957	331.391	1
323.4	0.0630957	331.391	-1
348.421	0.0630957	331.391	1
318.947	0.0630957	331.391	-1
315.021	0.0630957	331.391	-1
357.92	0.0630957	331.391	1
295.447	0.0630957	331.391	-1
338.877	0.0630957	331.391	1
338.816	0.0630957	331.391	1
335.323	0.0630957	331.391	1
334.058	0.0630957	331.391	1
317.099	0.0630957	331.391	-1
312.328	0.0630957	331.391	-1
327.063	0.0630957	331.391	-1
325.657	0.0630957	331.391	-1
344.203	0.0630957	331.391	1
339.265	0.0630957	331.391	1
362.829	0.0630957	331.391	1
340.263	0.0630957	331.391	1
331.316	0.0630957	331.391	-1
339.409	0.0630957	331.391	1
308.015	0.0630957	331.391	-1
315.249	0.0630957	331.391	-1
343.494	0.0630957	331.391	1
347.702	0.0630957	331.391	1
337.323	0.0630957	331.391	1
340.722	0.0630957	331.391	1
357.254	0.0630957	331.391	1
350.259	0.0630957	331.391	1
315.539	0.0630957	331.391	-1
364.347	0.0630957	331.391	1
338.462	0.0630957	331.391	1
331.634	0.0630957	331.391	1
345.596	0.0630957	331.391	1
338.536	0.0630957	331.391	1
343.091	0.0630957	331.391	1
354.155	0.0630957	331.391	1
327.419	0.0630957	331.391	-1
328.626	0.0630957	331.391	-1
339.913	0.0630957	331.391	1
331.432	0.0630957	331.391	1
341.628	0.0630957	331.391	1
338.315	0.0630957	331.391	1
332.935	0.0630957	331.391	1
319.285	0.0630957	331.391	-1
335.223	0.0630957	331.391	1
343.264	0.0630957	331.391	1
354.151	0.0630957	331.391	1
307.052	0.0630957	331.391	-1
330.04	0.0630957	331.391	-1
323.702	0.0630957	331.391	-1
319.846	0.0630957	331.391	-1
330.105	0.0630957	331.391	-1
339.612	0.0630957	331.391	1
329.731	0.0630957	331.391	-1
328.275	0.0630957	331.391	-1
328.202	0.0630957	331.391	-1
345.303	0.0630957	331.391	1
336.899	0.0630957	331.391	1
315.308	0.0630957	331.391	-1
337.581	0.0630957	331.391	1
331.033	0.0630957	331.391	-1
324.901	0.0630957	331.391	-1
340.893	0.0630957	331.391	1
344.669	0.0630957	331.391	1
320.24	0.0630957	331.391	-1
339.17	0.0630957	331.391	1
335.926	0.0630957	331.391	1
307.222	0.0630957	331.391	-1
334.223	0.0630957	331.391	1
326.829	0.0630957	331.391	-1
332.159	0.0630957	331.391	1
323.228	0.0630957	331.391	-1
343.842	0.0630957	331.391	1
324.234	0.0630957	331.391	-1
352.283	0.0630957	331.391	1
333.089	0.0630957	331.391	1
338.468	0.0630957	331.391	1
340.42	0.0630957	331.391	1
336.64	0.0630957	331.391	1
323.818	0.0630957	331.391	-1
330.33	0.0630957	331.391	-1
361.704	0.0630957	331.391	1
329.207	0.0630957	331.391	-1
335.152	0.0630957	331.391	1
336.142	0.0630957	331.391	1
337.374	0.0630957	331.391	1
349.98	0.0630957	331.391	1
326.867	0.0630957	331.391	-1
352.15	0.0630957	331.391	1
330.559	0.0630957	331.391	-1
331.167	0.0630957	331.391	-1
339.802	0.0630957	331.391	1
325.15	0.0630957	331.391	-1
334.405	0.0630957	331.391	1
304.326	0.0630957	331.391	-1
329.565	0.0630957	331.391	-1
338.772	0.0630957	331.391	1
1	1	1	1
345.786	0.0794328	331.391	1
325.709	0.0794328	331.391	-1
324.104	0.0794328	331.391	-1
326.404	0.0794328	331.391	-1
355.468	0.0794328	331.391	1
346.906	0.0794328	331.391	1
314.175	0.0794328	331.391	-1
362.343	0.0794328	331.391	1
343.334	0.0794328	331.391	1
367.645	0.0794328	331.391	1
336.493	0.0794328	331.391	1
361.486	0.0794328	331.391	1
344.381	0.0794328	331.391	1
336.478	0.0794328	331.391	1
330.227	0.0794328	331.391	-1
326.554	0.0794328	331.391	-1
343.889	0.0794328	331.391	1
324.766	0.0794328	331.391	-1
322.323	0.0794328	331.391	-1
357.121	0.0794328	331.391	1
340.941	0.0794328	331.391	1
326.28	0.0794328	331.391	-1
341.032	0.0794328	331.391	1
361.473	0.0794328	331.391	1
337.229	0.0794328	331.391	1
334.411	0.0794328	331.391	1
353.057	0.0794328	331.391	1
351.686	0.0794328	331.391	1
345.709	0.0794328	331.391	1
339.726	0.0794328	331.391	1
326.127	0.0794328	331.391	-1
365.111	0.0794328	331.391	1
340.89	0.0794328	331.391	1
344.262	0.0794328	331.391	1
317.338	0.0794328	331.391	-1
335.879	0.0794328	331.391	1
370.099	0.0794328	331.391	1
354.598	0.0794328	331.391	1
335.234	0.0794328	331.391	1
317.533	0.0794328	331.391	-1
353.14	0.0794328	331.391	1
331.616	0.0794328	331.391	1
327.172	0.0794328	331.391	-1
324.522	0.0794328	331.391	-1
322.528	0.0794328	331.391	-1
357.073	0.0794328	331.391	1
311.974	0.0794328	331.391	-1
341.849	0.0794328	331.391	1
337.283	0.0794328	331.391	1
339.556	0.0794328	331.391	1
350.818	0.0794328	331.391	1
356.782	0.0794328	331.391	1
343.037	0.0794328	331.391	1
326.613	0.0794328	331.391	-1
338.249	0.0794328	331.391	1
339.201	0.0794328	331.391	1
347.181	0.0794328	331.391	1
341.079	0.0794328	331.391	1
350.785	0.0794328	331.391	1
325.914	0.0794328	331.391	-1
352.832	0.0794328	331.391	1
362.312	0.0794328	331.391	1
350.074	0.0794328	331.391	1
353.583	0.0794328	331.391	1
340.167	0.0794328	331.391	1
356.514	0.0794328	331.391	1
335.97	0.0794328	331.391	1
333.162	0.0794328	331.391	1
363.259	0.0794328	331.391	1
335.695	0.0794328	331.391	1
344.469	0.0794328	331.391	1
344.61	0.0794328	331.391	1
342.246	0.0794328	331.391	1
340.032	0.0794328	331.391	1
351.477	0.0794328	331.391	1
361.668	0.0794328	331.391	1
350.414	0.0794328	331.391	1
328.268	0.0794328	331.391	-1
352.004	0.0794328	331.391	1
353.685	0.0794328	331.391	1
348.015	0.0794328	331.391	1
342.707	0.0794328	331.391	1
341.553	0.0794328	331.391	1
341.378	0.0794328	331.391	1
342.447	0.0794328	331.391	1
344.416	0.0794328	331.391	1
346.844	0.0794328	331.391	1
314.662	0.0794328	331.391	-1
349.678	0.0794328	331.391	1
312.506	0.0794328	331.391	-1
330.747	0.0794328	331.391	-1
349.677	0.0794328	331.391	1
370.614	0.0794328	331.391	1
359.959	0.0794328	331.391	1
357.468	0.0794328	331.391	1
344.851	0.0794328	331.391	1
333.308	0.0794328	331.391	1
318.35	0.0794328	331.391	-1
344.913	0.0794328	331.391	1
1	1	1	1
335.644	0.1	331.391	1
349.974	0.1	331.391	1
350.013	0.1	331.391	1
349.429	0.1	331.391	1
351.551	0.1	331.391	1
335.696	0.1	331.391	1
343.216	0.1	331.391	1
327.633	0.1	331.391	-1
327.877	0.1	331.391	-1
361.005	0.1	331.391	1
344.757	0.1	331.391	1
337.043	0.1	331.391	1
359.583	0.1	331.391	1
353.309	0.1	331.391	1
316.824	0.1	331.391	-1
330.687	0.1	331.391	-1
336.435	0.1	331.391	1
334.375	0.1	331.391	1
332.065	0.1	331.391	1
324.979	0.1	331.391	-1
347.476	0.1	331.391	1
336.309	0.1	331.391	1
352.232	0.1	331.391	1
340.556	0.1	331.391	1
366.594	0.1	331.391	1
345.29	0.1	331.391	1
340.356	0.1	331.391	1
361.472	0.1	331.391	1
344.133	0.1	331.391	1
357.255	0.1	331.391	1
357.443	0.1	331.391	1
329.917	0.1	331.391	-1
338.895	0.1	331.391	1
357.568	0.1	331.391	1
342.503	0.1	331.391	1
332.697	0.1	331.391	1
341.771	0.1	331.391	1
362.033	0.1	331.391	1
341.86	0.1	331.391	1
342.183	0.1	331.391	1
355.944	0.1	331.391	1
344.413	0.1	331.391	1
367.216	0.1	331.391	1
349.605	0.1	331.391	1
332.223	0.1	331.391	1
362.054	0.1	331.391	1
327.066	0.1	331.391	-1
339.31	0.1	331.391	1
312.586	0.1	331.391	-1
325.686	0.1	331.391	-1
349.222	0.1	331.391	1
363.551	0.1	331.391	1
358.333	0.1	331.391	1
384.984	0.1	331.391	1
368.739	0.1	331.391	1
347.253	0.1	331.391	1
364.313	0.1	331.391	1
357.309	0.1	331.391	1
338.195	0.1	331.391	1
320.652	0.1	331.391	-1
315.341	0.1	331.391	-1
328.691	0.1	331.391	-1
327.955	0.1	331.391	-1
340.846	0.1	331.391	1
355.33	0.1	331.391	1
340.237	0.1	331.391	1
322.513	0.1	331.391	-1
370.612	0.1	331.391	1
330.112	0.1	331.391	-1
354.446	0.1	331.391	1
335.056	0.1	331.391	1
353.1	0.1	331.391	1
351.548	0.1	331.391	1
338.837	0.1	331.391	1
326.524	0.1	331.391	-1
340.849	0.1	331.391	1
331.802	0.1	331.391	1
359.398	0.1	331.391	1
315.459	0.1	331.391	-1
323.414	0.1	331.391	-1
326.58	0.1	331.391	-1
376.665	0.1	331.391	1
327.954	0.1	331.391	-1
367.687	0.1	331.391	1
361.662	0.1	331.391	1
314.165	0.1	331.391	-1
348.163	0.1	331.391	1
362.909	0.1	331.391	1
326.721	0.1	331.391	-1
331.847	0.1	331.391	1
339.627	0.1	331.391	1
332.489	0.1	331.391	1
342.827	0.1	331.391	1
343.974	0.1	331.391	1
340.014	0.1	331.391	1
362.941	0.1	331.391	1
345.53	0.1	331.391	1
329.202	0.1	331.391	-1
354.167	0.1	331.391	1
1	1	1	1
344.546	0.125893	331.391	1
360.924	0.125893	331.391	1
339.606	0.125893	331.391	1
374.061	0.125893	331.391	1
345.578	0.125893	331.391	1
357.748	0.125893	331.391	1
354.498	0.125893	331.391	1
364.414	0.125893	331.391	1
368.163	0.125893	331.391	1
336.257	0.125893	331.391	1
364.192	0.125893	331.391	1
350.909	0.125893	331.391	1
328.858	0.125893	331.391	-1
357.347	0.125893	331.391	1
345.42	0.125893	331.391	1
360.094	0.125893	331.391	1
375.397	0.125893	331.391	1
345.281	0.125893	331.391	1
338.901	0.125893	331.391	1
351.746	0.125893	331.391	1
358.591	0.125893	331.391	1
368.681	0.125893	331.391	1
353.021	0.125893	331.391	1
354.977	0.125893	331.391	1
356.137	0.125893	331.391	1
354.451	0.125893	331.391	1
343.925	0.125893	331.391	1
365.149	0.125893	331.391	1
389.161	0.125893	331.391	1
341.587	0.125893	331.391	1
339.735	0.125893	331.391	1
367.166	0.125893	331.391	1
336.036	0.125893	331.391	1
353.358	0.125893	331.391	1
352.622	0.125893	331.391	1
377.831	0.125893	331.391	1
370.139	0.125893	331.391	1
340.67	0.125893	331.391	1
343.868	0.125893	331.391	1
345.312	0.125893	331.391	1
364.483	0.125893	331.391	1
346.607	0.125893	331.391	1
341.139	0.125893	331.391	1
355.446	0.125893	331.391	1
354.612	0.125893	331.391	1
338.51	0.125893	331.391	1
369.57	0.125893	331.391	1
388.99	0.125893	331.391	1
357.24	0.125893	331.391	1
383.947	0.125893	331.391	1
358.211	0.125893	331.391	1
340.669	0.125893	331.391	1
398.657	0.125893	331.391	1
353.289	0.125893	331.391	1
380.64	0.125893	331.391	1
323.758	0.125893	331.391	-1
346.929	0.125893	331.391	1
357.884	0.125893	331.391	1
361.239	0.125893	331.391	1
353.548	0.125893	331.391	1
338.456	0.125893	331.391	1
361.279	0.125893	331.391	1
370.514	0.125893	331.391	1
350.57	0.125893	331.391	1
373.546	0.125893	331.391	1
362.429	0.125893	331.391	1
344.84	0.125893	331.391	1
357.225	0.125893	331.391	1
355.364	0.125893	331.391	1
371.59	0.125893	331.391	1
347.321	0.125893	331.391	1
340.539	0.125893	331.391	1
335.101	0.125893	331.391	1
356.365	0.125893	331.391	1
359.249	0.125893	331.391	1
349.559	0.125893	331.391	1
353.974	0.125893	331.391	1
354.883	0.125893	331.391	1
345.976	0.125893	331.391	1
354.464	0.125893	331.391	1
372.446	0.125893	331.391	1
357.418	0.125893	331.391	1
339.28	0.125893	331.391	1
364.645	0.125893	331.391	1
352.809	0.125893	331.391	1
345.193	0.125893	331.391	1
350.502	0.125893	331.391	1
348.544	0.125893	331.391	1
365.284	0.125893	331.391	1
342.237	0.125893	331.391	1
335.733	0.125893	331.391	1
340.493	0.125893	331.391	1
345.597	0.125893	331.391	1
335.229	0.125893	331.391	1
344.34	0.125893	331.391	1
347.052	0.125893	331.391	1
355.564	0.125893	331.391	1
374.598	0.125893	331.391	1
355.706	0.125893	331.391	1
1	1	1	1
340.475	0.158489	331.391	1
392.942	0.158489	331.391	1
363.669	0.158489	331.391	1
359.873	0.158489	331.391	1
372.278	0.158489	331.391	1
379.485	0.158489	331.391	1
361.961	0.158489	331.391	1
373.362	0.158489	331.391	1
386.553	0.158489	331.391	1
378.501	0.158489	331.391	1
388.298	0.158489	331.391	1
354.069	0.158489	331.391	1
362.834	0.158489	331.391	1
346.658	0.158489	331.391	1
342.153	0.158489	331.391	1
372.778	0.158489	331.391	1
359.297	0.158489	331.391	1
346.777	0.158489	331.391	1
371.514	0.158489	331.391	1
365.985	0.158489	331.391	1
375.511	0.158489	331.391	1
357.332	0.158489	331.391	1
353.441	0.158489	331.391	1
347.708	0.158489	331.391	1
339.394	0.158489	331.391	1
368.958	0.158489	331.391	1
384.221	0.158489	331.391	1
390.112	0.158489	331.391	1
380.964	0.158489	331.391	1
348.591	0.158489	331.391	1
377.811	0.158489	331.391	1
357.081	0.158489	331.391	1
377.147	0.158489	331.391	1
354.274	0.158489	331.391	1
356.104	0.158489	331.391	1
367.256	0.158489	331.391	1
367.844	0.158489	331.391	1
378.352	0.158489	331.391	1
358.941	0.158489	331.391	1
383.947	0.158489	331.391	1
373.488	0.158489	331.391	1
354.952	0.158489	331.391	1
370.068	0.158489	331.391	1
367.04	0.158489	331.391	1
354.235	0.158489	331.391	1
366.75	0.158489	331.391	1
358.025	0.158489	331.391	1
365.073	0.158489	331.391	1
362.395	0.158489	331.391	1
383.58	0.158489	331.391	1
353.515	0.158489	331.391	1
366.582	0.158489	331.391	1
340.351	0.158489	331.391	1
373.859	0.158489	331.391	1
377.101	0.158489	331.391	1
365.548	0.158489	331.391	1
367.428	0.158489	331.391	1
374.56	0.158489	331.391	1
356.389	0.158489	331.391	1
356.911	0.158489	331.391	1
367.352	0.158489	331.391	1
359.981	0.158489	331.391	1
375.633	0.158489	331.391	1
391.802	0.158489	331.391	1
357.744	0.158489	331.391	1
356.054	0.158489	331.391	1
347.639	0.158489	331.391	1
376.775	0.158489	331.391	1
331.263	0.158489	331.391	-1
378.768	0.158489	331.391	1
371.026	0.158489	331.391	1
376.312	0.158489	331.391	1
350.872	0.158489	331.391	1
355.772	0.158489	331.391	1
382.508	0.158489	331.391	1
373.299	0.158489	331.391	1
346.985	0.158489	331.391	1
390.962	0.158489	331.391	1
410.023	0.158489	331.391	1
380.708	0.158489	331.391	1
365.616	0.158489	331.391	1
358.182	0.158489	331.391	1
372.345	0.158489	331.391	1
372.717	0.158489	331.391	1
367.755	0.158489	331.391	1
376.715	0.158489	331.391	1
354.476	0.158489	331.391	1
382.789	0.158489	331.391	1
376.015	0.158489	331.391	1
373.21	0.158489	331.391	1
355.229	0.158489	331.391	1
367.554	0.158489	331.391	1
354.614	0.158489	331.391	1
382.211	0.158489	331.391	1
372.423	0.158489	331.391	1
348.134	0.158489	331.391	1
358.592	0.158489	331.391	1
353.918	0.158489	331.391	1
378.446	0.158489	331.391	1
1	1	1	1
361.633	0.199526	331.391	1
390.905	0.199526	331.391	1
368.436	0.199526	331.391	1
395.462	0.199526	331.391	1
379.387	0.199526	331.391	1
390.15	0.199526	331.391	1
359.847	0.199526	331.391	1
382.012	0.199526	331.391	1
386.289	0.199526	331.391	1
365.071	0.199526	331.391	1
389.1	0.199526	331.391	1
378.081	0.199526	331.391	1
372.527	0.199526	331.391	1
377.541	0.199526	331.391	1
403.757	0.199526	331.391	1
382.294	0.199526	331.391	1
368.95	0.199526	331.391	1
394.232	0.199526	331.391	1
409.498	0.199526	331.391	1
358.108	0.199526	331.391	1
398.9	0.199526	331.391	1
378.955	0.199526	331.391	1
381.344	0.199526	331.391	1
365.071	0.199526	331.391	1
379.295	0.199526	331.391	1
407.024	0.199526	331.391	1
368.312	0.199526	331.391	1
349.906	0.199526	331.391	1
425.783	0.199526	331.391	1
383.712	0.199526	331.391	1
377.172	0.199526	331.391	1
367.004	0.199526	331.391	1
363.196	0.199526	331.391	1
367.414	0.199526	331.391	1
384.35	0.199526	331.391	1
401.487	0.199526	331.391	1
400.475	0.199526	331.391	1
389.73	0.199526	331.391	1
392.268	0.199526	331.391	1
360.192	0.199526	331.391	1
373.984	0.199526	331.391	1
402.141	0.199526	331.391	1
379.018	0.199526	331.391	1
369.229	0.199526	331.391	1
409.815	0.199526	331.391	1
376.965	0.199526	331.391	1
380.219	0.199526	331.391	1
385.313	0.199526	331.391	1
373.38	0.199526	331.391	1
374.618	0.199526	331.391	1
348.716	0.199526	331.391	1
393.853	0.199526	331.391	1
368.19	0.199526	331.391	1
392.643	0.199526	331.391	1
367.692	0.199526	331.391	1
368.832	0.199526	331.391	1
335.866	0.199526	331.391	1
356.94	0.199526	331.391	1
341.882	0.199526	331.391	1
395.364	0.199526	331.391	1
387.595	0.199526	331.391	1
388.34	0.199526	331.391	1
390.143	0.199526	331.391	1
383.839	0.199526	331.391	1
369.02	0.199526	331.391	1
401.175	0.199526	331.391	1
370.508	0.199526	331.391	1
404.127	0.199526	331.391	1
385.256	0.199526	331.391	1
369.79	0.199526	331.391	1
359.866	0.199526	331.391	1
380.163	0.199526	331.391	1
374.614	0.199526	331.391	1
399.822	0.199526	331.391	1
367.792	0.199526	331.391	1
382.553	0.199526	331.391	1
363.23	0.199526	331.391	1
347.863	0.199526	331.391	1
372.549	0.199526	331.391	1
362.246	0.199526	331.391	1
360.959	0.199526	331.391	1
384.731	0.199526	331.391	1
388.337	0.199526	331.391	1
381.234	0.199526	331.391	1
349.618	0.199526	331.391	1
385.908	0.199526	331.391	1
368.697	0.199526	331.391	1
368.606	0.199526	331.391	1
358.115	0.199526	331.391	1
361.158	0.199526	331.391	1
393.88	0.199526	331.391	1
374.932	0.199526	331.391	1
399.994	0.199526	331.391	1
395.584	0.199526	331.391	1
364.641	0.199526	331.391	1
389.262	0.199526	331.391	1
388.26	0.199526	331.391	1
380.107	0.199526	331.391	1
344.424	0.199526	331.391	1
1	1	1	1
419.855	0.251189	331.391	1
386.241	0.251189	331.391	1
385.566	0.251189	331.391	1
411.189	0.251189	331.391	1
404.031	0.251189	331.391	1
386.493	0.251189	331.391	1
389.38	0.251189	331.391	1
421.949	0.251189	331.391	1
395.721	0.251189	331.391	1
394.523	0.251189	331.391	1
391.631	0.251189	331.391	1
425.953	0.251189	331.391	1
392.812	0.251189	331.391	1
377.909	0.251189	331.391	1
365.822	0.251189	331.391	1
398.276	0.251189	331.391	1
402.001	0.251189	331.391	1
396.773	0.251189	331.391	1
403.765	0.251189	331.391	1
403.268	0.251189	331.391	1
399.247	0.251189	331.391	1
381.456	0.251189	331.391	1
425.847	0.251189	331.391	1
375.687	0.251189	331.391	1
363.621	0.251189	331.391	1
407.849	0.251189	331.391	1
379.465	0.251189	331.391	1
408.608	0.251189	331.391	1
420.118	0.251189	331.391	1
416.338	0.251189	331.391	1
401.676	0.251189	331.391	1
388.257	0.251189	331.391	1
366.354	0.251189	331.391	1
362.281	0.251189	331.391	1
389.794	0.251189	331.391	1
396.76	0.251189	331.391	1
363.665	0.251189	331.391	1
400.105	0.251189	331.391	1
391.021	0.251189	331.391	1
398.413	0.251189	331.391	1
413.313	0.251189	331.391	1
396.606	0.251189	331.391	1
395.702	0.251189	331.391	1
377.875	0.251189	331.391	1
389.952	0.251189	331.391	1
367.679	0.251189	331.391	1
382.651	0.251189	331.391	1
411.116	0.251189	331.391	1
385.387	0.251189	331.391	1
406.375	0.251189	331.391	1
404.516	0.251189	331.391	1
371.798	0.251189	331.391	1
399.283	0.251189	331.391	1
380.343	0.251189	331.391	1
386.991	0.251189	331.391	1
373.419	0.251189	331.391	1
377.857	0.251189	331.391	1
405.577	0.251189	331.391	1
409.152	0.251189	331.391	1
387.047	0.251189	331.391	1
399.052	0.251189	331.391	1
399.232	0.251189	331.391	1
395.621	0.251189	331.391	1
388.926	0.251189	331.391	1
394.806	0.251189	331.391	1
409.676	0.251189	331.391	1
383.118	0.251189	331.391	1
373.362	0.251189	331.391	1
402.411	0.251189	331.391	1
392.66	0.251189	331.391	1
398.263	0.251189	331.391	1
390.64	0.251189	331.391	1
378.737	0.251189	331.391	1
372.844	0.251189	331.391	1
400.357	0.251189	331.391	1
376.601	0.251189	331.391	1
411.352	0.251189	331.391	1
404.566	0.251189	331.391	1
390.905	0.251189	331.391	1
398.928	0.251189	331.391	1
391.617	0.251189	331.391	1
376.068	0.251189	331.391	1
408.514	0.251189	331.391	1
384.809	0.251189	331.391	1
388.356	0.251189	331.391	1
392.105	0.251189	331.391	1
425.485	0.251189	331.391	1
391.001	0.251189	331.391	1
396.377	0.251189	331.391	1
368.802	0.251189	331.391	1
415.583	0.251189	331.391	1
386.062	0.251189	331.391	1
410.598	0.251189	331.391	1
359.353	0.251189	331.391	1
373.187	0.251189	331.391	1
402.518	0.251189	331.391	1
395.767	0.251189	331.391	1
372.232	0.251189	331.391	1
407.03	0.251189	331.391	1
1	1	1	1
396.673	0.316228	331.391	1
400.478	0.316228	331.391	1
398.584	0.316228	331.391	1
398.334	0.316228	331.391	1
424.517	0.316228	331.391	1
400.492	0.316228	331.391	1
436.476	0.316228	331.391	1
404.052	0.316228	331.391	1
403.68	0.316228	331.391	1
407.733	0.316228	331.391	1
407.37	0.316228	331.391	1
439.352	0.316228	331.391	1
411.566	0.316228	331.391	1
425.827	0.316228	331.391	1
400.917	0.316228	331.391	1
403.743	0.316228	331.391	1
427.943	0.316228	331.391	1
410.28	0.316228	331.391	1
413.93	0.316228	331.391	1
418.402	0.316228	331.391	1
414.005	0.316228	331.391	1
432.083	0.316228	331.391	1
394.272	0.316228	331.391	1
404.011	0.316228	331.391	1
399.656	0.316228	331.391	1
410.491	0.316228	331.391	1
397.51	0.316228	331.391	1
405.304	0.316228	331.391	1
395.336	0.316228	331.391	1
434.383	0.316228	331.391	1
400.877	0.316228	331.391	1
428.997	0.316228	331.391	1
422.972	0.316228	331.391	1
425.505	0.316228	331.391	1
407.842	0.316228	331.391	1
382.478	0.316228	331.391	1
434.919	0.316228	331.391	1
405.069	0.316228	331.391	1
411.883	0.316228	331.391	1
412.836	0.316228	331.391	1
421.477	0.316228	331.391	1
379.234	0.316228	331.391	1
406.843	0.316228	331.391	1
423.547	0.316228	331.391	1
431.449	0.316228	331.391	1
403.698	0.316228	331.391	1
396.044	0.316228	331.391	1
401.453	0.316228	331.391	1
425.502	0.316228	331.391	1
417.281	0.316228	331.391	1
415.508	0.316228	331.391	1
421.683	0.316228	331.391	1
414.897	0.316228	331.391	1
406.866	0.316228	331.391	1
397.311	0.316228	331.391	1
406.573	0.316228	331.391	1
430.739	0.316228	331.391	1
397.606	0.316228	331.391	1
399.884	0.316228	331.391	1
410.599	0.316228	331.391	1
430.444	0.316228	331.391	1
435.33	0.316228	331.391	1
396.432	0.316228	331.391	1
418.953	0.316228	331.391	1
439.501	0.316228	331.391	1
441.521	0.316228	331.391	1
413.669	0.316228	331.391	1
429.008	0.316228	331.391	1
409.129	0.316228	331.391	1
435.537	0.316228	331.391	1
425.016	0.316228	331.391	1
410.973	0.316228	331.391	1
372.213	0.316228	331.391	1
436.358	0.316228	331.391	1
415.965	0.316228	331.391	1
417.681	0.316228	331.391	1
422.186	0.316228	331.391	1
407.331	0.316228	331.391	1
422.364	0.316228	331.391	1
422.996	0.316228	331.391	1
379.199	0.316228	331.391	1
389.002	0.316228	331.391	1
429.827	0.316228	331.391	1
413.278	0.316228	331.391	1
421.814	0.316228	331.391	1
455.264	0.316228	331.391	1
436.266	0.316228	331.391	1
392.908	0.316228	331.391	1
407.604	0.316228	331.391	1
434.981	0.316228	331.391	1
412.122	0.316228	331.391	1
408.297	0.316228	331.391	1
420.613	0.316228	331.391	1
397.622	0.316228	331.391	1
416.904	0.316228	331.391	1
411.404	0.316228	331.391	1
439.408	0.316228	331.391	1
419.617	0.316228	331.391	1
407.863	0.316228	331.391	1
1	1	1	1
457.175	0.398107	331.391	1
405.987	0.398107	331.391	1
414.19	0.398107	331.391	1
448.067	0.398107	331.391	1
394.849	0.398107	331.391	1
458.675	0.398107	331.391	1
457.44	0.398107	331.391	1
439.934	0.398107	331.391	1
427.316	0.398107	331.391	1
470.523	0.398107	331.391	1
441.81	0.398107	331.391	1
439.77	0.398107	331.391	1
450.205	0.398107	331.391	1
433.228	0.398107	331.391	1
443.88	0.398107	331.391	1
408.121	0.398107	331.391	1
422.403	0.398107	331.391	1
421.477	0.398107	331.391	1
438.745	0.398107	331.391	1
456.842	0.398107	331.391	1
438.918	0.398107	331.391	1
405.217	0.398107	331.391	1
398.074	0.398107	331.391	1
425.472	0.398107	331.391	1
443.527	0.398107	331.391	1
422.275	0.398107	331.391	1
417.381	0.398107	331.391	1
447.739	0.398107	331.391	1
438.08	0.398107	331.391	1
449.317	0.398107	331.391	1
477.267	0.398107	331.391	1
467.916	0.398107	331.391	1
430.767	0.398107	331.391	1
440.042	0.398107	331.391	1
438.161	0.398107	331.391	1
436.592	0.398107	331.391	1
412.375	0.398107	331.391	1
463.721	0.398107	331.391	1
421.191	0.398107	331.391	1
435.801	0.398107	331.391	1
421.958	0.398107	331.391	1
424.722	0.398107	331.391	1
446.28	0.398107	331.391	1
435.426	0.398107	331.391	1
432.778	0.398107	331.391	1
438.496	0.398107	331.391	1
431.891	0.398107	331.391	1
442.455	0.398107	331.391	1
461.409	0.398107	331.391	1
425.983	0.398107	331.391	1
457.614	0.398107	331.391	1
436.4	0.398107	331.391	1
445.747	0.398107	331.391	1
441.861	0.398107	331.391	1
422.006	0.398107	331.391	1
440.053	0.398107	331.391	1
466.851	0.398107	331.391	1
434.175	0.398107	331.391	1
422.314	0.398107	331.391	1
440.066	0.398107	331.391	1
408.06	0.398107	331.391	1
429.81	0.398107	331.391	1
430.239	0.398107	331.391	1
448.157	0.398107	331.391	1
434.516	0.398107	331.391	1
441.405	0.398107	331.391	1
445.705	0.398107	331.391	1
441.206	0.398107	331.391	1
465.911	0.398107	331.391	1
450.375	0.398107	331.391	1
465.969	0.398107	331.391	1
446.182	0.398107	331.391	1
442.917	0.398107	331.391	1
425.974	0.398107	331.391	1
469.13	0.398107	331.391	1
445.518	0.398107	331.391	1
469.615	0.398107	331.391	1
442.919	0.398107	331.391	1
455.024	0.398107	331.391	1
403.37	0.398107	331.391	1
460.95	0.398107	331.391	1
471.761	0.398107	331.391	1
457.657	0.398107	331.391	1
413.47	0.398107	331.391	1
421.598	0.398107	331.391	1
440.456	0.398107	331.391	1
487.662	0.398107	331.391	1
440.155	0.398107	331.391	1
415.526	0.398107	331.391	1
441.825	0.398107	331.391	1
455.759	0.398107	331.391	1
419.3	0.398107	331.391	1
455.33	0.398107	331.391	1
452.236	0.398107	331.391	1
451.962	0.398107	331.391	1
410.283	0.398107	331.391	1
438.369	0.398107	331.391	1
446.621	0.398107	331.391	1
475.318	0.398107	331.391	1
1	1	1	1
454.879	0.501187	331.391	1
490.472	0.501187	331.391	1
488.546	0.501187	331.391	1
446.537	0.501187	331.391	1
504.287	0.501187	331.391	1
484.28	0.501187	331.391	1
489.124	0.501187	331.391	1
446.98	0.501187	331.391	1
457.184	0.501187	331.391	1
504.534	0.501187	331.391	1
462.822	0.501187	331.391	1
485.077	0.501187	331.391	1
492.097	0.501187	331.391	1
511.978	0.501187	331.391	1
479.44	0.501187	331.391	1
445.386	0.501187	331.391	1
465.602	0.501187	331.391	1
465.294	0.501187	331.391	1
488.703	0.501187	331.391	1
480.752	0.501187	331.391	1
476.28	0.501187	331.391	1
473.774	0.501187	331.391	1
492.787	0.501187	331.391	1
489.509	0.501187	331.391	1
470.366	0.501187	331.391	1
451.774	0.501187	331.391	1
465.326	0.501187	331.391	1
487.255	0.501187	331.391	1
475.842	0.501187	331.391	1
498.864	0.501187	331.391	1
465.674	0.501187	331.391	1
463.454	0.501187	331.391	1
451.139	0.501187	331.391	1
507.443	0.501187	331.391	1
465.074	0.501187	331.391	1
479.785	0.501187	331.391	1
463.626	0.501187	331.391	1
484.55	0.501187	331.391	1
469.179	0.501187	331.391	1
469.099	0.501187	331.391	1
485.588	0.501187	331.391	1
474.515	0.501187	331.391	1
461.416	0.501187	331.391	1
477.988	0.501187	331.391	1
441.935	0.501187	331.391	1
480.494	0.501187	331.391	1
460.085	0.501187	331.391	1
477.593	0.501187	331.391	1
467.993	0.501187	331.391	1
481.982	0.501187	331.391	1
463.196	0.501187	331.391	1
492.704	0.501187	331.391	1
476.936	0.501187	331.391	1
481.689	0.501187	331.391	1
463.279	0.501187	331.391	1
481.108	0.501187	331.391	1
458.822	0.501187	331.391	1
487.594	0.501187	331.391	1
464.033	0.501187	331.391	1
471.201	0.501187	331.391	1
460.814	0.501187	331.391	1
446.89	0.501187	331.391	1
486.011	0.501187	331.391	1
473.8	0.501187	331.391	1
502.419	0.501187	331.391	1
487.942	0.501187	331.391	1
449.765	0.501187	331.391	1
473.882	0.501187	331.391	1
457.484	0.501187	331.391	1
445.885	0.501187	331.391	1
497.505	0.501187	331.391	1
478.778	0.501187	331.391	1
479.539	0.501187	331.391	1
503.732	0.501187	331.391	1
482.632	0.501187	331.391	1
489.64	0.501187	331.391	1
473.711	0.501187	331.391	1
494.41	0.501187	331.391	1
500.476	0.501187	331.391	1
460.279	0.501187	331.391	1
479.087	0.501187	331.391	1
490.051	0.501187	331.391	1
484.219	0.501187	331.391	1
506.913	0.501187	331.391	1
458.568	0.501187	331.391	1
496.248	0.501187	331.391	1
464.869	0.501187	331.391	1
494.121	0.501187	331.391	1
493.605	0.501187	331.391	1
507.99	0.501187	331.391	1
483.172	0.501187	331.391	1
480.989	0.501187	331.391	1
454.075	0.501187	331.391	1
438.809	0.501187	331.391	1
430.295	0.501187	331.391	1
478.359	0.501187	331.391	1
466.209	0.501187	331.391	1
487.18	0.501187	331.391	1
494.744	0.501187	331.391	1
1	1	1	1
492.907	0.630957	331.391	1
491.53	0.630957	331.391	1
505.593	0.630957	331.391	1
518.29	0.630957	331.391	1
545.289	0.630957	331.391	1
515.432	0.630957	331.391	1
488.873	0.630957	331.391	1
482.696	0.630957	331.391	1
496.175	0.630957	331.391	1
534.189	0.630957	331.391	1
542.529	0.630957	331.391	1
495.471	0.630957	331.391	1
487.004	0.630957	331.391	1
488.283	0.630957	331.391	1
548.691	0.630957	331.391	1
502.555	0.630957	331.391	1
491.825	0.630957	331.391	1
477.549	0.630957	331.391	1
500.442	0.630957	331.391	1
490.53	0.630957	331.391	1
511.306	0.630957	331.391	1
522.922	0.630957	331.391	1
529.466	0.630957	331.391	1
515.659	0.630957	331.391	1
514.599	0.630957	331.391	1
522.514	0.630957	331.391	1
520.571	0.630957	331.391	1
501.749	0.630957	331.391	1
486.061	0.630957	331.391	1
491.056	0.630957	331.391	1
538.395	0.630957	331.391	1
525.349	0.630957	331.391	1
519.976	0.630957	331.391	1
502.921	0.630957	331.391	1
477.227	0.630957	331.391	1
504.895	0.630957	331.391	1
522.812	0.630957	331.391	1
543.415	0.630957	331.391	1
474.96	0.630957	331.391	1
559.127	0.630957	331.391	1
513.829	0.630957	331.391	1
534.026	0.630957	331.391	1
531.575	0.630957	331.391	1
533.523	0.630957	331.391	1
501.279	0.630957	331.391	1
523.108	0.630957	331.391	1
517.035	0.630957	331.391	1
505.221	0.630957	331.391	1
511.987	0.630957	331.391	1
554.688	0.630957	331.391	1
508.157	0.630957	331.391	1
555.307	0.630957	331.391	1
507.272	0.630957	331.391	1
496.041	0.630957	331.391	1
525.229	0.630957	331.391	1
482.337	0.630957	331.391	1
514.88	0.630957	331.391	1
520.827	0.630957	331.391	1
549.458	0.630957	331.391	1
499.274	0.630957	331.391	1
525.641	0.630957	331.391	1
481.776	0.630957	331.391	1
511.994	0.630957	331.391	1
511.926	0.630957	331.391	1
520.776	0.630957	331.391	1
555.016	0.630957	331.391	1
510.536	0.630957	331.391	1
522.8	0.630957	331.391	1
505.458	0.630957	331.391	1
515.071	0.630957	331.391	1
501.03	0.630957	331.391	1
498.433	0.630957	331.391	1
525.149	0.630957	331.391	1
496.857	0.630957	331.391	1
527.898	0.630957	331.391	1
568.449	0.630957	331.391	1
497.289	0.630957	331.391	1
524.888	0.630957	331.391	1
522.143	0.630957	331.391	1
520.808	0.630957	331.391	1
506.551	0.630957	331.391	1
534.575	0.630957	331.391	1
496.583	0.630957	331.391	1
516.223	0.630957	331.391	1
519.462	0.630957	331.391	1
496.262	0.630957	331.391	1
482.904	0.630957	331.391	1
522.191	0.630957	331.391	1
511.061	0.630957	331.391	1
506.36	0.630957	331.391	1
528.854	0.630957	331.391	1
522.296	0.630957	331.391	1
517.832	0.630957	331.391	1
498.288	0.630957	331.391	1
513.332	0.630957	331.391	1
517.459	0.630957	331.391	1
496.869	0.630957	331.391	1
518.833	0.630957	331.391	1
524.966	0.630957	331.391	1
1	1	1	1
570.305	0.794328	331.391	1
526.508	0.794328	331.391	1
577.402	0.794328	331.391	1
568.456	0.794328	331.391	1
550.968	0.794328	331.391	1
578.347	0.794328	331.391	1
571.959	0.794328	331.391	1
557.116	0.794328	331.391	1
563.066	0.794328	331.391	1
582.928	0.794328	331.391	1
532.91	0.794328	331.391	1
553.722	0.794328	331.391	1
568.623	0.794328	331.391	1
556.52	0.794328	331.391	1
570.961	0.794328	331.391	1
579.209	0.794328	331.391	1
566.09	0.794328	331.391	1
577.723	0.794328	331.391	1
549.579	0.794328	331.391	1
571.364	0.794328	331.391	1
561.404	0.794328	331.391	1
557.519	0.794328	331.391	1
570.778	0.794328	331.391	1
560.361	0.794328	331.391	1
532.724	0.794328	331.391	1
558.83	0.794328	331.391	1
566.623	0.794328	331.391	1
562.589	0.794328	331.391	1
620.55	0.794328	331.391	1
530.922	0.794328	331.391	1
579.828	0.794328	331.391	1
558.588	0.794328	331.391	1
553.491	0.794328	331.391	1
539.607	0.794328	331.391	1
567.539	0.794328	331.391	1
538.726	0.794328	331.391	1
567.939	0.794328	331.391	1
622.226	0.794328	331.391	1
560.795	0.794328	331.391	1
572.584	0.794328	331.391	1
583.567	0.794328	331.391	1
583.71	0.794328	331.391	1
559.731	0.794328	331.391	1
577.619	0.794328	331.391	1
558.324	0.794328	331.391	1
576.814	0.794328	331.391	1
598.925	0.794328	331.391	1
559.488	0.794328	331.391	1
558.653	0.794328	331.391	1
592.195	0.794328	331.391	1
558.984	0.794328	331.391	1
591.156	0.794328	331.391	1
612.925	0.794328	331.391	1
557.481	0.794328	331.391	1
551.361	0.794328	331.391	1
575.933	0.794328	331.391	1
584.212	0.794328	331.391	1
574.2	0.794328	331.391	1
533.143	0.794328	331.391	1
555.315	0.794328	331.391	1
579.979	0.794328	331.391	1
550.834	0.794328	331.391	1
568.117	0.794328	331.391	1
570.006	0.794328	331.391	1
586.46	0.794328	331.391	1
568.131	0.794328	331.391	1
577.432	0.794328	331.391	1
580.639	0.794328	331.391	1
582.426	0.794328	331.391	1
573.718	0.794328	331.391	1
551.764	0.794328	331.391	1
566.369	0.794328	331.391	1
542.75	0.794328	331.391	1
585.053	0.794328	331.391	1
571.978	0.794328	331.391	1
574.364	0.794328	331.391	1
556.773	0.794328	331.391	1
533.894	0.794328	331.391	1
572.964	0.794328	331.391	1
568.896	0.794328	331.391	1
563.491	0.794328	331.391	1
568.004	0.794328	331.391	1
550.835	0.794328	331.391	1
585.841	0.794328	331.391	1
610.409	0.794328	331.391	1
586.727	0.794328	331.391	1
524.496	0.794328	331.391	1
578.122	0.794328	331.391	1
576.847	0.794328	331.391	1
579.621	0.794328	331.391	1
579.639	0.794328	331.391	1
562.811	0.794328	331.391	1
561.808	0.794328	331.391	1
583.422	0.794328	331.391	1
561.174	0.794328	331.391	1
568.179	0.794328	331.391	1
610.848	0.794328	331.391	1
580.539	0.794328	331.391	1
543.112	0.794328	331.391	1
1	1	1	1
614.573	1	331.391	1
625.734	1	331.391	1
643.546	1	331.391	1
605.581	1	331.391	1
628.499	1	331.391	1
640.981	1	331.391	1
627.824	1	331.391	1
643.47	1	331.391	1
645.119	1	331.391	1
680.641	1	331.391	1
650.426	1	331.391	1
661.469	1	331.391	1
620.412	1	331.391	1
654.805	1	331.391	1
626.991	1	331.391	1
647.838	1	331.391	1
631.241	1	331.391	1
607.603	1	331.391	1
640.199	1	331.391	1
625.101	1	331.391	1
646.847	1	331.391	1
670.731	1	331.391	1
679.103	1	331.391	1
639.505	1	331.391	1
607.484	1	331.391	1
615.044	1	331.391	1
625.035	1	331.391	1
613.853	1	331.391	1
657.792	1	331.391	1
620.763	1	331.391	1
617.943	1	331.391	1
628.961	1	331.391	1
632.765	1	331.391	1
674.561	1	331.391	1
636.004	1	331.391	1
641.187	1	331.391	1
620.212	1	331.391	1
662.744	1	331.391	1
589.187	1	331.391	1
630.593	1	331.391	1
671.34	1	331.391	1
630.782	1	331.391	1
641.94	1	331.391	1
634.294	1	331.391	1
639.819	1	331.391	1
653.636	1	331.391	1
623.074	1	331.391	1
643.175	1	331.391	1
622.016	1	331.391	1
637.006	1	331.391	1
679.982	1	331.391	1
635.274	1	331.391	1
641.425	1	331.391	1
632.954	1	331.391	1
639.535	1	331.391	1
629.801	1	331.391	1
649.906	1	331.391	1
575.354	1	331.391	1
610.736	1	331.391	1
631.352	1	331.391	1
586.781	1	331.391	1
626.187	1	331.391	1
640.714	1	331.391	1
596.918	1	331.391	1
635.14	1	331.391	1
615.824	1	331.391	1
626.629	1	331.391	1
664.136	1	331.391	1
621.012	1	331.391	1
619.274	1	331.391	1
600.085	1	331.391	1
643.586	1	331.391	1
627.473	1	331.391	1
627.497	1	331.391	1
630.44	1	331.391	1
640.119	1	331.391	1
622.733	1	331.391	1
594.728	1	331.391	1
663.27	1	331.391	1
622.756	1	331.391	1
640.02	1	331.391	1
657.468	1	331.391	1
616.533	1	331.391	1
630.834	1	331.391	1
644.29	1	331.391	1
621.832	1	331.391	1
650.658	1	331.391	1
597.409	1	331.391	1
669.489	1	331.391	1
613.358	1	331.391	1
658.742	1	331.391	1
676.249	1	331.391	1
605.13	1	331.391	1
643.496	1	331.391	1
623.144	1	331.391	1
644.353	1	331.391	1
608.501	1	331.391	1
597.036	1	331.391	1
637.96	1	331.391	1
1	1	1	1
